{
	"class_name" : "PoseGraph",
	"edges" : 
	[
		{
			"class_name" : "PoseGraphEdge",
			"confidence" : 1.0,
			"information" : 
			[
				559593.70297079405,
				-4283.066261775366,
				26473.462331726929,
				0.0,
				-358252.26141488552,
				-2755.3267838225001,
				-4283.066261775366,
				572268.84484014532,
				11434.627799905942,
				358252.26141488552,
				0.0,
				11363.400684894877,
				26473.462331726929,
				11434.627799905942,
				79496.428197842368,
				2755.3267838225001,
				-11363.400684894877,
				0.0,
				0.0,
				358252.26141488552,
				2755.3267838225001,
				252140.0,
				0.0,
				0.0,
				-358252.26141488552,
				0.0,
				-11363.400684894877,
				0.0,
				252140.0,
				0.0,
				-2755.3267838225001,
				11363.400684894877,
				0.0,
				0.0,
				0.0,
				252140.0
			],
			"source_node_id" : 0,
			"target_node_id" : 1,
			"transformation" : 
			[
				0.99999881478781438,
				0.0015072371483206425,
				-0.00031410053166227317,
				0.0,
				-0.0015079237057964187,
				0.99999644937120491,
				-0.0021971370191459887,
				0.0,
				0.00031078780987267498,
				0.0021976080547101238,
				0.99999753696185434,
				0.0,
				-0.00022353482170282498,
				-4.9423656135733627e-05,
				-0.00052640764556948839,
				1.0
			],
			"uncertain" : false,
			"version_major" : 1,
			"version_minor" : 0
		},
		{
			"class_name" : "PoseGraphEdge",
			"confidence" : 1.0,
			"information" : 
			[
				550710.20719826827,
				-4230.8918133766765,
				24531.827589971159,
				0.0,
				-352334.60739332438,
				-1718.6933947115904,
				-4230.8918133766765,
				563363.58025172621,
				10005.852680710477,
				352334.60739332438,
				0.0,
				10127.527832785505,
				24531.827589971159,
				10005.852680710477,
				77287.972214297944,
				1718.6933947115904,
				-10127.527832785505,
				0.0,
				0.0,
				352334.60739332438,
				1718.6933947115904,
				247543.0,
				0.0,
				0.0,
				-352334.60739332438,
				0.0,
				-10127.527832785505,
				0.0,
				247543.0,
				0.0,
				-1718.6933947115904,
				10127.527832785505,
				0.0,
				0.0,
				0.0,
				247543.0
			],
			"source_node_id" : 1,
			"target_node_id" : 2,
			"transformation" : 
			[
				0.9999968460222628,
				-0.00053071702948544435,
				-0.0024548492747091463,
				0.0,
				0.00052008101916796088,
				0.99999048478785357,
				-0.0043312641903748205,
				0.0,
				0.0024571245919625417,
				0.0043299738091512972,
				0.99998760685598076,
				0.0,
				0.0026969631873215581,
				0.0051366816381752372,
				0.00019791235497034328,
				1.0
			],
			"uncertain" : false,
			"version_major" : 1,
			"version_minor" : 0
		},
		{
			"class_name" : "PoseGraphEdge",
			"confidence" : 1.0,
			"information" : 
			[
				550852.78825110628,
				-4393.263224457748,
				23622.706417429814,
				0.0,
				-351818.39842325449,
				-2356.6171466147644,
				-4393.263224457748,
				563394.66495448735,
				11189.024102548015,
				351818.39842325449,
				0.0,
				9590.3145013162866,
				23622.706417429814,
				11189.024102548015,
				77516.656953746729,
				2356.6171466147644,
				-9590.3145013162866,
				0.0,
				0.0,
				351818.39842325449,
				2356.6171466147644,
				246768.0,
				0.0,
				0.0,
				-351818.39842325449,
				0.0,
				-9590.3145013162866,
				0.0,
				246768.0,
				0.0,
				-2356.6171466147644,
				9590.3145013162866,
				0.0,
				0.0,
				0.0,
				246768.0
			],
			"source_node_id" : 2,
			"target_node_id" : 3,
			"transformation" : 
			[
				0.99998984666488655,
				0.0032824943064379743,
				-0.0030873610519876792,
				0.0,
				-0.0032922390080402163,
				0.99998959861559367,
				-0.0031565523815676373,
				0.0,
				0.0030769675739381027,
				0.003166684662520763,
				0.99999025214188852,
				0.0,
				0.0021443401180803383,
				0.0054585381281532213,
				0.00021159733988074367,
				1.0
			],
			"uncertain" : false,
			"version_major" : 1,
			"version_minor" : 0
		},
		{
			"class_name" : "PoseGraphEdge",
			"confidence" : 1.0,
			"information" : 
			[
				561105.27397727116,
				-4620.6569342073417,
				23776.679262419828,
				0.0,
				-357914.91854608059,
				-3625.1161949977395,
				-4620.6569342073417,
				573339.03248534014,
				13144.977488071445,
				357914.91854608059,
				0.0,
				9767.638968744548,
				23776.679262419828,
				13144.977488071445,
				79478.219851910893,
				3625.1161949977395,
				-9767.638968744548,
				0.0,
				0.0,
				357914.91854608059,
				3625.1161949977395,
				250891.0,
				0.0,
				0.0,
				-357914.91854608059,
				0.0,
				-9767.638968744548,
				0.0,
				250891.0,
				0.0,
				-3625.1161949977395,
				9767.638968744548,
				0.0,
				0.0,
				0.0,
				250891.0
			],
			"source_node_id" : 3,
			"target_node_id" : 4,
			"transformation" : 
			[
				0.99999769334297817,
				0.0012342299242484012,
				-0.0017578353784199203,
				0.0,
				-0.0012297005865218229,
				0.99999592754005451,
				0.0025754106031304993,
				0.0,
				0.0017610068685393642,
				-0.0025732430513456975,
				0.99999513862568745,
				0.0,
				0.0012280495533324169,
				0.0034291327960084212,
				-0.00055743493816714617,
				1.0
			],
			"uncertain" : false,
			"version_major" : 1,
			"version_minor" : 0
		},
		{
			"class_name" : "PoseGraphEdge",
			"confidence" : 1.0,
			"information" : 
			[
				559025.95743857848,
				-4677.0772188747569,
				23754.218670380589,
				0.0,
				-356572.63396567106,
				-3590.2708842469146,
				-4677.0772188747569,
				571406.66487283143,
				13174.796967061349,
				356572.63396567106,
				0.0,
				9805.0672415182926,
				23754.218670380589,
				13174.796967061349,
				79297.651518551618,
				3590.2708842469146,
				-9805.0672415182926,
				0.0,
				0.0,
				356572.63396567106,
				3590.2708842469146,
				249895.0,
				0.0,
				0.0,
				-356572.63396567106,
				0.0,
				-9805.0672415182926,
				0.0,
				249895.0,
				0.0,
				-3590.2708842469146,
				9805.0672415182926,
				0.0,
				0.0,
				0.0,
				249895.0
			],
			"source_node_id" : 4,
			"target_node_id" : 5,
			"transformation" : 
			[
				0.99999475996018916,
				0.0025161596595702587,
				-0.0020369076393629798,
				0.0,
				-0.0025152985662445309,
				0.9999967462351107,
				0.00042519679422692942,
				0.0,
				0.002037970874765432,
				-0.00042007113531393204,
				0.99999783510513396,
				0.0,
				-0.00063884490257668761,
				0.002702942232796636,
				-0.0017187149755739355,
				1.0
			],
			"uncertain" : false,
			"version_major" : 1,
			"version_minor" : 0
		},
		{
			"class_name" : "PoseGraphEdge",
			"confidence" : 1.0,
			"information" : 
			[
				557434.78932485369,
				-4624.6246530558165,
				23376.021268971792,
				0.0,
				-355721.33340799809,
				-3292.9970613462501,
				-4624.6246530558165,
				569964.55448265979,
				12854.257790081256,
				355721.33340799809,
				0.0,
				9664.5979025878478,
				23376.021268971792,
				12854.257790081256,
				78894.069967292482,
				3292.9970613462501,
				-9664.5979025878478,
				0.0,
				0.0,
				355721.33340799809,
				3292.9970613462501,
				249314.0,
				0.0,
				0.0,
				-355721.33340799809,
				0.0,
				-9664.5979025878478,
				0.0,
				249314.0,
				0.0,
				-3292.9970613462501,
				9664.5979025878478,
				0.0,
				0.0,
				0.0,
				249314.0
			],
			"source_node_id" : 5,
			"target_node_id" : 6,
			"transformation" : 
			[
				0.99999626846587153,
				0.0019160100471119124,
				-0.0019472955175733595,
				0.0,
				-0.0019159784342759746,
				0.99999816434783717,
				1.8099588148710551e-05,
				0.0,
				0.0019473266220088783,
				-1.4368544392646585e-05,
				0.99999810385448851,
				0.0,
				7.4466537115958726e-05,
				0.0051130961535906291,
				-0.00098481480207120902,
				1.0
			],
			"uncertain" : false,
			"version_major" : 1,
			"version_minor" : 0
		},
		{
			"class_name" : "PoseGraphEdge",
			"confidence" : 1.0,
			"information" : 
			[
				559325.01417703787,
				-4478.6750818810369,
				22742.179591494336,
				0.0,
				-356664.56913012266,
				-3455.1241265984136,
				-4478.6750818810369,
				571807.68298493384,
				13209.396674833331,
				356664.56913012266,
				0.0,
				9323.6343936128542,
				22742.179591494336,
				13209.396674833331,
				78659.930303109111,
				3455.1241265984136,
				-9323.6343936128542,
				0.0,
				0.0,
				356664.56913012266,
				3455.1241265984136,
				249670.0,
				0.0,
				0.0,
				-356664.56913012266,
				0.0,
				-9323.6343936128542,
				0.0,
				249670.0,
				0.0,
				-3455.1241265984136,
				9323.6343936128542,
				0.0,
				0.0,
				0.0,
				249670.0
			],
			"source_node_id" : 6,
			"target_node_id" : 7,
			"transformation" : 
			[
				0.99999698143898408,
				0.0019327395748043722,
				-0.0015171126042696677,
				0.0,
				-0.0019365928013991664,
				0.99999489264929897,
				-0.0025424955532151287,
				0.0,
				0.0015121908740690772,
				0.0025454259078855146,
				0.99999561703324902,
				0.0,
				0.001563722736355682,
				0.0028267584547842246,
				0.00024532281788769178,
				1.0
			],
			"uncertain" : false,
			"version_major" : 1,
			"version_minor" : 0
		},
		{
			"class_name" : "PoseGraphEdge",
			"confidence" : 1.0,
			"information" : 
			[
				561204.39711852954,
				-4578.0033071669122,
				22365.047798337182,
				0.0,
				-357572.17006373405,
				-3819.3515488476842,
				-4578.0033071669122,
				573475.58335518918,
				13757.419310266761,
				357572.17006373405,
				0.0,
				9076.5971137287561,
				22365.047798337182,
				13757.419310266761,
				79335.059772293869,
				3819.3515488476842,
				-9076.5971137287561,
				0.0,
				0.0,
				357572.17006373405,
				3819.3515488476842,
				250208.0,
				0.0,
				0.0,
				-357572.17006373405,
				0.0,
				-9076.5971137287561,
				0.0,
				250208.0,
				0.0,
				-3819.3515488476842,
				9076.5971137287561,
				0.0,
				0.0,
				0.0,
				250208.0
			],
			"source_node_id" : 7,
			"target_node_id" : 8,
			"transformation" : 
			[
				0.99999929000658705,
				-0.00051896042227910584,
				-0.0010726911963481571,
				0.0,
				0.00051877124257686052,
				0.99999984983900114,
				-0.00017663060854845007,
				0.0,
				0.001072782699566976,
				0.00017607400179705087,
				0.99999940906743789,
				0.0,
				0.0023147156093337581,
				0.0011234039960821428,
				0.00028857494232366598,
				1.0
			],
			"uncertain" : false,
			"version_major" : 1,
			"version_minor" : 0
		},
		{
			"class_name" : "PoseGraphEdge",
			"confidence" : 1.0,
			"information" : 
			[
				560745.39940441214,
				-4687.1154503009639,
				21143.445035434321,
				0.0,
				-357040.9860497117,
				-4116.7714485349134,
				-4687.1154503009639,
				572847.5250987414,
				14206.271760642168,
				357040.9860497117,
				0.0,
				8323.381129941321,
				21143.445035434321,
				14206.271760642168,
				79013.428051609459,
				4116.7714485349134,
				-8323.381129941321,
				0.0,
				0.0,
				357040.9860497117,
				4116.7714485349134,
				249549.0,
				0.0,
				0.0,
				-357040.9860497117,
				0.0,
				-8323.381129941321,
				0.0,
				249549.0,
				0.0,
				-4116.7714485349134,
				8323.381129941321,
				0.0,
				0.0,
				0.0,
				249549.0
			],
			"source_node_id" : 8,
			"target_node_id" : 9,
			"transformation" : 
			[
				0.99998871547814683,
				4.70885746908865e-05,
				-0.0047504419828277092,
				0.0,
				-3.8499990757655067e-05,
				0.99999836477138671,
				0.001808029951251292,
				0.0,
				0.0047505193523224524,
				-0.0018078266565253616,
				0.99998708208089526,
				0.0,
				-0.00061639556808400263,
				0.0040260728135353141,
				-0.001093413637178591,
				1.0
			],
			"uncertain" : false,
			"version_major" : 1,
			"version_minor" : 0
		},
		{
			"class_name" : "PoseGraphEdge",
			"confidence" : 1.0,
			"information" : 
			[
				560083.00632463768,
				-4654.4899710976042,
				21562.902992319883,
				0.0,
				-356622.03523731232,
				-3421.2475553746917,
				-4654.4899710976042,
				573038.9351914468,
				13355.479448302673,
				356622.03523731232,
				0.0,
				8689.1148288778495,
				21562.902992319883,
				13355.479448302673,
				78781.361292918838,
				3421.2475553746917,
				-8689.1148288778495,
				0.0,
				0.0,
				356622.03523731232,
				3421.2475553746917,
				248978.0,
				0.0,
				0.0,
				-356622.03523731232,
				0.0,
				-8689.1148288778495,
				0.0,
				248978.0,
				0.0,
				-3421.2475553746917,
				8689.1148288778495,
				0.0,
				0.0,
				0.0,
				248978.0
			],
			"source_node_id" : 9,
			"target_node_id" : 10,
			"transformation" : 
			[
				0.99999600517322651,
				0.0018332474790677504,
				-0.0021514742083000543,
				0.0,
				-0.0018345920127021025,
				0.99999812298949187,
				-0.0006231289116438634,
				0.0,
				0.002150327820453954,
				0.00062707349974988624,
				0.99999749143139904,
				0.0,
				-2.5317837709300218e-05,
				0.0062284753751407724,
				-0.0010681871097090083,
				1.0
			],
			"uncertain" : false,
			"version_major" : 1,
			"version_minor" : 0
		},
		{
			"class_name" : "PoseGraphEdge",
			"confidence" : 1.0,
			"information" : 
			[
				564632.06545610342,
				-4549.2407144957206,
				22353.967322847227,
				0.0,
				-359481.96132254601,
				-3133.2078353279503,
				-4549.2407144957206,
				578458.75152887194,
				13160.251174545228,
				359481.96132254601,
				0.0,
				9259.8257722340059,
				22353.967322847227,
				13160.251174545228,
				79261.658598113834,
				3133.2078353279503,
				-9259.8257722340059,
				0.0,
				0.0,
				359481.96132254601,
				3133.2078353279503,
				250705.0,
				0.0,
				0.0,
				-359481.96132254601,
				0.0,
				-9259.8257722340059,
				0.0,
				250705.0,
				0.0,
				-3133.2078353279503,
				9259.8257722340059,
				0.0,
				0.0,
				0.0,
				250705.0
			],
			"source_node_id" : 10,
			"target_node_id" : 11,
			"transformation" : 
			[
				0.99999365470478152,
				0.0034846129717951103,
				-0.0007402854925767212,
				0.0,
				-0.0034880404950973511,
				0.99998296406216014,
				-0.0046802947515375663,
				0.0,
				0.00072396386531605231,
				0.0046828471994616941,
				0.99998877334619474,
				0.0,
				0.0020853869830355673,
				0.0022509163149853698,
				0.00022382437671499461,
				1.0
			],
			"uncertain" : false,
			"version_major" : 1,
			"version_minor" : 0
		},
		{
			"class_name" : "PoseGraphEdge",
			"confidence" : 1.0,
			"information" : 
			[
				560360.08378997224,
				-4447.2515209842149,
				19147.601162536692,
				0.0,
				-355486.68390113115,
				-3751.8944717323175,
				-4447.2515209842149,
				573502.26482354093,
				14160.321989339662,
				355486.68390113115,
				0.0,
				7232.9818299333565,
				19147.601162536692,
				14160.321989339662,
				77621.613325234837,
				3751.8944717323175,
				-7232.9818299333565,
				0.0,
				0.0,
				355486.68390113115,
				3751.8944717323175,
				246748.0,
				0.0,
				0.0,
				-355486.68390113115,
				0.0,
				-7232.9818299333565,
				0.0,
				246748.0,
				0.0,
				-3751.8944717323175,
				7232.9818299333565,
				0.0,
				0.0,
				0.0,
				246748.0
			],
			"source_node_id" : 11,
			"target_node_id" : 12,
			"transformation" : 
			[
				0.9999496278285428,
				-0.0027283464668364913,
				-0.0096590854182017401,
				0.0,
				0.0026973624688241388,
				0.9999911800285961,
				-0.00321933234182819,
				0.0,
				0.0096677836793649663,
				0.0031931161225772688,
				0.99994816764078132,
				0.0,
				0.0024703575205029795,
				0.0066145563285612066,
				-0.00035650823980383966,
				1.0
			],
			"uncertain" : false,
			"version_major" : 1,
			"version_minor" : 0
		},
		{
			"class_name" : "PoseGraphEdge",
			"confidence" : 1.0,
			"information" : 
			[
				570924.24030470382,
				-4789.2477275139472,
				22005.057051477808,
				0.0,
				-361765.68357402086,
				-4521.6534240742913,
				-4789.2477275139472,
				585868.51127040037,
				15653.203019204679,
				361765.68357402086,
				0.0,
				9000.8644773154519,
				22005.057051477808,
				15653.203019204679,
				80312.638967022664,
				4521.6534240742913,
				-9000.8644773154519,
				0.0,
				0.0,
				361765.68357402086,
				4521.6534240742913,
				250715.0,
				0.0,
				0.0,
				-361765.68357402086,
				0.0,
				-9000.8644773154519,
				0.0,
				250715.0,
				0.0,
				-4521.6534240742913,
				9000.8644773154519,
				0.0,
				0.0,
				0.0,
				250715.0
			],
			"source_node_id" : 12,
			"target_node_id" : 13,
			"transformation" : 
			[
				0.99999827241084527,
				0.0014083957382654386,
				-0.0012130938832472331,
				0.0,
				-0.0014117046344447508,
				0.99999527400662447,
				-0.0027311269542901872,
				0.0,
				0.0012092416426104963,
				0.0027328347662818765,
				0.99999553466442603,
				0.0,
				-0.00072941948014713909,
				0.0062598044674532427,
				-0.00018910085842450895,
				1.0
			],
			"uncertain" : false,
			"version_major" : 1,
			"version_minor" : 0
		},
		{
			"class_name" : "PoseGraphEdge",
			"confidence" : 1.0,
			"information" : 
			[
				570428.64154529967,
				-4727.4818335667223,
				22282.977827493418,
				0.0,
				-361340.47331255674,
				-4431.5746587412432,
				-4727.4818335667223,
				585834.5019025791,
				15821.479710488346,
				361340.47331255674,
				0.0,
				9238.7480956898071,
				22282.977827493418,
				15821.479710488346,
				79742.747436982012,
				4431.5746587412432,
				-9238.7480956898071,
				0.0,
				0.0,
				361340.47331255674,
				4431.5746587412432,
				250143.0,
				0.0,
				0.0,
				-361340.47331255674,
				0.0,
				-9238.7480956898071,
				0.0,
				250143.0,
				0.0,
				-4431.5746587412432,
				9238.7480956898071,
				0.0,
				0.0,
				0.0,
				250143.0
			],
			"source_node_id" : 13,
			"target_node_id" : 14,
			"transformation" : 
			[
				0.99999464302395713,
				0.0032431385622760391,
				-0.00044269137657794379,
				0.0,
				-0.0032466444491094314,
				0.99996141255464899,
				-0.0081628856130623022,
				0.0,
				0.00041620092513747355,
				0.0081642791461800698,
				0.99996658510312841,
				0.0,
				0.0027808098167403017,
				0.0013128255427141871,
				0.0002245852266463908,
				1.0
			],
			"uncertain" : false,
			"version_major" : 1,
			"version_minor" : 0
		},
		{
			"class_name" : "PoseGraphEdge",
			"confidence" : 1.0,
			"information" : 
			[
				562401.09665543353,
				-4331.6069944833771,
				18762.385288421487,
				0.0,
				-355010.90340656042,
				-3677.6857772258809,
				-4331.6069944833771,
				577723.18803657335,
				14921.104584339751,
				355010.90340656042,
				0.0,
				7120.2633300339803,
				18762.385288421487,
				14921.104584339751,
				76926.204275083743,
				3677.6857772258809,
				-7120.2633300339803,
				0.0,
				0.0,
				355010.90340656042,
				3677.6857772258809,
				244317.0,
				0.0,
				0.0,
				-355010.90340656042,
				0.0,
				-7120.2633300339803,
				0.0,
				244317.0,
				0.0,
				-3677.6857772258809,
				7120.2633300339803,
				0.0,
				0.0,
				0.0,
				244317.0
			],
			"source_node_id" : 14,
			"target_node_id" : 15,
			"transformation" : 
			[
				0.99991713413005467,
				0.001184095597618978,
				-0.01281884514118656,
				0.0,
				-0.0012978056883093279,
				0.9999598553106317,
				-0.0088658596613951698,
				0.0,
				0.012807832507236135,
				0.0088817613543632941,
				0.99987852949331291,
				0.0,
				0.0018870824137585433,
				0.0099096309854769336,
				0.00029204489105045866,
				1.0
			],
			"uncertain" : false,
			"version_major" : 1,
			"version_minor" : 0
		},
		{
			"class_name" : "PoseGraphEdge",
			"confidence" : 1.0,
			"information" : 
			[
				581437.51403051405,
				-4616.3206076486522,
				22235.11570902562,
				0.0,
				-365920.95200043917,
				-5527.6223912572605,
				-4616.3206076486522,
				598320.44023255853,
				18068.160059770591,
				365920.95200043917,
				0.0,
				9284.9140228711767,
				22235.11570902562,
				18068.160059770591,
				82036.054805031192,
				5527.6223912572605,
				-9284.9140228711767,
				0.0,
				0.0,
				365920.95200043917,
				5527.6223912572605,
				251289.0,
				0.0,
				0.0,
				-365920.95200043917,
				0.0,
				-9284.9140228711767,
				0.0,
				251289.0,
				0.0,
				-5527.6223912572605,
				9284.9140228711767,
				0.0,
				0.0,
				0.0,
				251289.0
			],
			"source_node_id" : 15,
			"target_node_id" : 16,
			"transformation" : 
			[
				0.99999483959392688,
				0.0028620183158768781,
				-0.00145932747423111,
				0.0,
				-0.0028673236643601396,
				0.99998924092094166,
				-0.0036464362551270769,
				0.0,
				0.001448875605861591,
				0.0036506018022361927,
				0.99999228690323416,
				0.0,
				0.0015420492225499698,
				0.0033378306201492782,
				0.00021208014013544639,
				1.0
			],
			"uncertain" : false,
			"version_major" : 1,
			"version_minor" : 0
		},
		{
			"class_name" : "PoseGraphEdge",
			"confidence" : 1.0,
			"information" : 
			[
				582033.30096290284,
				-4591.2738740523919,
				22653.908903680651,
				0.0,
				-366243.1930629611,
				-5865.1998973325826,
				-4591.2738740523919,
				599205.6812510048,
				18736.333672971083,
				366243.1930629611,
				0.0,
				9512.300572452601,
				22653.908903680651,
				18736.333672971083,
				82652.448150051088,
				5865.1998973325826,
				-9512.300572452601,
				0.0,
				0.0,
				366243.1930629611,
				5865.1998973325826,
				251497.0,
				0.0,
				0.0,
				-366243.1930629611,
				0.0,
				-9512.300572452601,
				0.0,
				251497.0,
				0.0,
				-5865.1998973325826,
				9512.300572452601,
				0.0,
				0.0,
				0.0,
				251497.0
			],
			"source_node_id" : 16,
			"target_node_id" : 17,
			"transformation" : 
			[
				0.9999971246653695,
				0.0023028290031610315,
				-0.00066905872386151559,
				0.0,
				-0.0023044510544809578,
				0.99999438302727561,
				-0.0024338075592297915,
				0.0,
				0.0006634503231414061,
				0.0024353423743003456,
				0.99999681446552025,
				0.0,
				0.00059893324847821929,
				0.0036674399528800663,
				-0.0001515943853306307,
				1.0
			],
			"uncertain" : false,
			"version_major" : 1,
			"version_minor" : 0
		},
		{
			"class_name" : "PoseGraphEdge",
			"confidence" : 1.0,
			"information" : 
			[
				578215.35433811939,
				-4791.5382226678621,
				23007.203886751809,
				0.0,
				-364051.89355754852,
				-5868.607225219137,
				-4791.5382226678621,
				595571.09932067944,
				18708.260573654185,
				364051.89355754852,
				0.0,
				9824.0015478865243,
				23007.203886751809,
				18708.260573654185,
				82256.896880103683,
				5868.607225219137,
				-9824.0015478865243,
				0.0,
				0.0,
				364051.89355754852,
				5868.607225219137,
				250021.0,
				0.0,
				0.0,
				-364051.89355754852,
				0.0,
				-9824.0015478865243,
				0.0,
				250021.0,
				0.0,
				-5868.607225219137,
				9824.0015478865243,
				0.0,
				0.0,
				0.0,
				250021.0
			],
			"source_node_id" : 17,
			"target_node_id" : 18,
			"transformation" : 
			[
				0.99996950565808118,
				0.0076938113367027569,
				0.0013390373583925571,
				0.0,
				-0.0076948209915573091,
				0.99997011279019798,
				0.00075050400912288131,
				0.0,
				-0.0013332231020484625,
				-0.00076078477577085524,
				0.99999882186064881,
				0.0,
				0.0018013404473922374,
				0.0095897148223517796,
				-0.0015431756494996578,
				1.0
			],
			"uncertain" : false,
			"version_major" : 1,
			"version_minor" : 0
		},
		{
			"class_name" : "PoseGraphEdge",
			"confidence" : 1.0,
			"information" : 
			[
				578958.82931859361,
				-4441.1305727313356,
				22987.303495835702,
				0.0,
				-364824.71454828978,
				-5800.2209713120246,
				-4441.1305727313356,
				596525.13281493506,
				18622.703538018039,
				364824.71454828978,
				0.0,
				9729.8491993170464,
				22987.303495835702,
				18622.703538018039,
				82457.450327902174,
				5800.2209713120246,
				-9729.8491993170464,
				0.0,
				0.0,
				364824.71454828978,
				5800.2209713120246,
				250713.0,
				0.0,
				0.0,
				-364824.71454828978,
				0.0,
				-9729.8491993170464,
				0.0,
				250713.0,
				0.0,
				-5800.2209713120246,
				9729.8491993170464,
				0.0,
				0.0,
				0.0,
				250713.0
			],
			"source_node_id" : 18,
			"target_node_id" : 19,
			"transformation" : 
			[
				0.9999993493369419,
				0.00026400898819910478,
				-0.0011097859916797206,
				0.0,
				-0.00026637962029534625,
				0.99999768217725005,
				-0.0021365116488021685,
				0.0,
				0.0011092193611138279,
				0.0021368058830240357,
				0.99999710184231383,
				0.0,
				-0.00022347353081345972,
				0.0037343388310798562,
				-0.00066439839391981839,
				1.0
			],
			"uncertain" : false,
			"version_major" : 1,
			"version_minor" : 0
		},
		{
			"class_name" : "PoseGraphEdge",
			"confidence" : 1.0,
			"information" : 
			[
				568243.37183709454,
				-4332.6690777802678,
				23947.716583740264,
				0.0,
				-357843.34978073835,
				-4482.2056054121349,
				-4332.6690777802678,
				586641.54790472728,
				16438.596799858249,
				357843.34978073835,
				0.0,
				10340.564165332122,
				23947.716583740264,
				16438.596799858249,
				79442.040142986458,
				4482.2056054121349,
				-10340.564165332122,
				0.0,
				0.0,
				357843.34978073835,
				4482.2056054121349,
				244996.0,
				0.0,
				0.0,
				-357843.34978073835,
				0.0,
				-10340.564165332122,
				0.0,
				244996.0,
				0.0,
				-4482.2056054121349,
				10340.564165332122,
				0.0,
				0.0,
				0.0,
				244996.0
			],
			"source_node_id" : 19,
			"target_node_id" : 20,
			"transformation" : 
			[
				0.99994470530171498,
				0.0098574616242486819,
				0.0036628935820491172,
				0.0,
				-0.009845422277263309,
				0.9999461188059916,
				-0.0032904627359493168,
				0.0,
				-0.00369513183111503,
				0.0032542180567331608,
				0.99998787795932265,
				0.0,
				0.00080219654896223529,
				0.02210083193768889,
				-0.0011573134979319557,
				1.0
			],
			"uncertain" : false,
			"version_major" : 1,
			"version_minor" : 0
		},
		{
			"class_name" : "PoseGraphEdge",
			"confidence" : 1.0,
			"information" : 
			[
				587042.22813067341,
				-3708.6718102795685,
				24791.322628079866,
				0.0,
				-368816.39830005169,
				-5092.6524752524565,
				-3708.6718102795685,
				605565.08359861386,
				17494.237940117491,
				368816.39830005169,
				0.0,
				10572.790020486573,
				24791.322628079866,
				17494.237940117491,
				81962.095002190879,
				5092.6524752524565,
				-10572.790020486573,
				0.0,
				0.0,
				368816.39830005169,
				5092.6524752524565,
				251960.0,
				0.0,
				0.0,
				-368816.39830005169,
				0.0,
				-10572.790020486573,
				0.0,
				251960.0,
				0.0,
				-5092.6524752524565,
				10572.790020486573,
				0.0,
				0.0,
				0.0,
				251960.0
			],
			"source_node_id" : 20,
			"target_node_id" : 21,
			"transformation" : 
			[
				0.9999981871224134,
				0.0018819336981041267,
				0.00028996110410803527,
				0.0,
				-0.001878895307880279,
				0.99994677389109121,
				-0.010144906959569976,
				0.0,
				-0.00030903771287807571,
				0.010144343761537557,
				0.99994849706639355,
				0.0,
				0.0019184503796200096,
				0.00031944646162580912,
				0.00060769981434611784,
				1.0
			],
			"uncertain" : false,
			"version_major" : 1,
			"version_minor" : 0
		},
		{
			"class_name" : "PoseGraphEdge",
			"confidence" : 1.0,
			"information" : 
			[
				591116.16268296412,
				-3544.8423198085393,
				24324.265708260657,
				0.0,
				-370313.77373290062,
				-5666.0020281854086,
				-3544.8423198085393,
				609082.82921731716,
				18284.564371445129,
				370313.77373290062,
				0.0,
				10209.812408806873,
				24324.265708260657,
				18284.564371445129,
				82949.885949688804,
				5666.0020281854086,
				-10209.812408806873,
				0.0,
				0.0,
				370313.77373290062,
				5666.0020281854086,
				252320.0,
				0.0,
				0.0,
				-370313.77373290062,
				0.0,
				-10209.812408806873,
				0.0,
				252320.0,
				0.0,
				-5666.0020281854086,
				10209.812408806873,
				0.0,
				0.0,
				0.0,
				252320.0
			],
			"source_node_id" : 21,
			"target_node_id" : 22,
			"transformation" : 
			[
				0.99999212907312918,
				-0.0017975691585823521,
				-0.0035370237361217415,
				0.0,
				0.0017854058108140458,
				0.99999249269557156,
				-0.0034390229117629311,
				0.0,
				0.0035431790641296292,
				0.0034326808207336282,
				0.99998783121821189,
				0.0,
				0.00019484851326017542,
				0.0039040974371291745,
				0.00048725046444061151,
				1.0
			],
			"uncertain" : false,
			"version_major" : 1,
			"version_minor" : 0
		},
		{
			"class_name" : "PoseGraphEdge",
			"confidence" : 1.0,
			"information" : 
			[
				578340.77404281497,
				-3650.6618142338993,
				26514.601022548522,
				0.0,
				-360418.87422466278,
				-2725.6727306836983,
				-3650.6618142338993,
				597102.35414849455,
				13011.407308546959,
				360418.87422466278,
				0.0,
				11781.346149454941,
				26514.601022548522,
				13011.407308546959,
				79656.805636034012,
				2725.6727306836983,
				-11781.346149454941,
				0.0,
				0.0,
				360418.87422466278,
				2725.6727306836983,
				243362.0,
				0.0,
				0.0,
				-360418.87422466278,
				0.0,
				-11781.346149454941,
				0.0,
				243362.0,
				0.0,
				-2725.6727306836983,
				11781.346149454941,
				0.0,
				0.0,
				0.0,
				243362.0
			],
			"source_node_id" : 22,
			"target_node_id" : 23,
			"transformation" : 
			[
				0.99983976615231407,
				0.016274465723243484,
				0.0074554534341515228,
				0.0,
				-0.016195129671085405,
				0.99981286350406839,
				-0.010580914267281537,
				0.0,
				-0.0076262569732837302,
				0.010458476811553633,
				0.99991622672469826,
				0.0,
				0.0021475941402333931,
				0.023325644063895767,
				0.00022694809282999731,
				1.0
			],
			"uncertain" : false,
			"version_major" : 1,
			"version_minor" : 0
		},
		{
			"class_name" : "PoseGraphEdge",
			"confidence" : 1.0,
			"information" : 
			[
				589992.69466672209,
				-3053.1443182376956,
				26916.645108568729,
				0.0,
				-366374.7062766552,
				-2864.6018482578802,
				-3053.1443182376956,
				608687.19127466332,
				12718.911250570543,
				366374.7062766552,
				0.0,
				11519.266681611305,
				26916.645108568729,
				12718.911250570543,
				82037.227470954895,
				2864.6018482578802,
				-11519.266681611305,
				0.0,
				0.0,
				366374.7062766552,
				2864.6018482578802,
				246737.0,
				0.0,
				0.0,
				-366374.7062766552,
				0.0,
				-11519.266681611305,
				0.0,
				246737.0,
				0.0,
				-2864.6018482578802,
				11519.266681611305,
				0.0,
				0.0,
				0.0,
				246737.0
			],
			"source_node_id" : 23,
			"target_node_id" : 24,
			"transformation" : 
			[
				0.99999586902439841,
				-0.0021591248102060178,
				0.0018973966879334511,
				0.0,
				0.0021930845718711981,
				0.99983410041725262,
				-0.018082091219837809,
				0.0,
				-0.0018580404188414594,
				0.018086177674563209,
				0.99983470527028906,
				0.0,
				-0.00090396273721299227,
				0.0016106537291822943,
				0.00029847076988332642,
				1.0
			],
			"uncertain" : false,
			"version_major" : 1,
			"version_minor" : 0
		},
		{
			"class_name" : "PoseGraphEdge",
			"confidence" : 1.0,
			"information" : 
			[
				607919.23226500186,
				-3183.54762661531,
				27766.478851072301,
				0.0,
				-376089.15663957596,
				-4966.6073472903809,
				-3183.54762661531,
				625715.91466485243,
				15869.558799231387,
				376089.15663957596,
				0.0,
				11809.438888972043,
				27766.478851072301,
				15869.558799231387,
				85637.328147502951,
				4966.6073472903809,
				-11809.438888972043,
				0.0,
				0.0,
				376089.15663957596,
				4966.6073472903809,
				252809.0,
				0.0,
				0.0,
				-376089.15663957596,
				0.0,
				-11809.438888972043,
				0.0,
				252809.0,
				0.0,
				-4966.6073472903809,
				11809.438888972043,
				0.0,
				0.0,
				0.0,
				252809.0
			],
			"source_node_id" : 24,
			"target_node_id" : 25,
			"transformation" : 
			[
				0.99999712093774551,
				0.002384024285449282,
				-0.00027302825054272288,
				0.0,
				-0.0023845803801385056,
				0.99999504560674179,
				-0.0020548815977565835,
				0.0,
				0.00026812801022062379,
				0.0020555267394340017,
				0.99999785145628839,
				0.0,
				0.00045860201747168898,
				0.0058052203016142742,
				-0.00017759930240379994,
				1.0
			],
			"uncertain" : false,
			"version_major" : 1,
			"version_minor" : 0
		},
		{
			"class_name" : "PoseGraphEdge",
			"confidence" : 1.0,
			"information" : 
			[
				602939.52828398289,
				-3219.5522485526885,
				27807.958309137637,
				0.0,
				-372710.55698513985,
				-4754.2288206884405,
				-3219.5522485526885,
				619797.4635406218,
				15104.623930949127,
				372710.55698513985,
				0.0,
				11986.624837945332,
				27807.958309137637,
				15104.623930949127,
				84413.842402069102,
				4754.2288206884405,
				-11986.624837945332,
				0.0,
				0.0,
				372710.55698513985,
				4754.2288206884405,
				250279.0,
				0.0,
				0.0,
				-372710.55698513985,
				0.0,
				-11986.624837945332,
				0.0,
				250279.0,
				0.0,
				-4754.2288206884405,
				11986.624837945332,
				0.0,
				0.0,
				0.0,
				250279.0
			],
			"source_node_id" : 25,
			"target_node_id" : 26,
			"transformation" : 
			[
				0.99998637169824334,
				-0.0001604219182243907,
				0.0052183026543050123,
				0.0,
				0.00016016419340594471,
				0.99999998593337225,
				4.9806487861390992e-05,
				0.0,
				-0.0052183105709534116,
				-4.897002384797065e-05,
				0.99998638332565382,
				0.0,
				0.00060336432873720099,
				0.010893030423991088,
				-0.00092215023394900996,
				1.0
			],
			"uncertain" : false,
			"version_major" : 1,
			"version_minor" : 0
		},
		{
			"class_name" : "PoseGraphEdge",
			"confidence" : 1.0,
			"information" : 
			[
				607561.94485037925,
				-3168.5541008008304,
				28462.666030233588,
				0.0,
				-375363.33943402767,
				-4652.3352201205562,
				-3168.5541008008304,
				624852.97058406856,
				14681.414761399988,
				375363.33943402767,
				0.0,
				12251.470445694635,
				28462.666030233588,
				14681.414761399988,
				85415.302353678038,
				4652.3352201205562,
				-12251.470445694635,
				0.0,
				0.0,
				375363.33943402767,
				4652.3352201205562,
				251941.0,
				0.0,
				0.0,
				-375363.33943402767,
				0.0,
				-12251.470445694635,
				0.0,
				251941.0,
				0.0,
				-4652.3352201205562,
				12251.470445694635,
				0.0,
				0.0,
				0.0,
				251941.0
			],
			"source_node_id" : 26,
			"target_node_id" : 27,
			"transformation" : 
			[
				0.9999858856380458,
				0.0049073110368191616,
				0.0020363749854884891,
				0.0,
				-0.0049072626385997685,
				0.99998795890055714,
				-2.8762718409127008e-05,
				0.0,
				-0.0020364916129002801,
				1.8769285557242372e-05,
				0.99999792617266225,
				0.0,
				0.0011799651861087454,
				0.010989987697209432,
				-0.00064415306821138355,
				1.0
			],
			"uncertain" : false,
			"version_major" : 1,
			"version_minor" : 0
		},
		{
			"class_name" : "PoseGraphEdge",
			"confidence" : 1.0,
			"information" : 
			[
				607398.27728219901,
				-3082.7867773870139,
				28600.841924449243,
				0.0,
				-374589.01951485872,
				-3713.8597824270837,
				-3082.7867773870139,
				624321.59283165366,
				12894.299977253173,
				374589.01951485872,
				0.0,
				12415.170567614143,
				28600.841924449243,
				12894.299977253173,
				83964.361150822573,
				3713.8597824270837,
				-12415.170567614143,
				0.0,
				0.0,
				374589.01951485872,
				3713.8597824270837,
				250659.0,
				0.0,
				0.0,
				-374589.01951485872,
				0.0,
				-12415.170567614143,
				0.0,
				250659.0,
				0.0,
				-3713.8597824270837,
				12415.170567614143,
				0.0,
				0.0,
				0.0,
				250659.0
			],
			"source_node_id" : 27,
			"target_node_id" : 28,
			"transformation" : 
			[
				0.99997242387241647,
				0.0046520960893905467,
				0.005788738783039273,
				0.0,
				-0.0046216811312576591,
				0.99997550438570915,
				-0.0052564904706210655,
				0.0,
				-0.0058130506830891115,
				0.0052295918121618573,
				0.99996942943833722,
				0.0,
				0.0012143829948043148,
				0.0099891986908443395,
				-0.00026118665886003186,
				1.0
			],
			"uncertain" : false,
			"version_major" : 1,
			"version_minor" : 0
		},
		{
			"class_name" : "PoseGraphEdge",
			"confidence" : 1.0,
			"information" : 
			[
				608010.51140134095,
				-2761.3298897578447,
				28883.806826206801,
				0.0,
				-374687.63287204504,
				-3405.02962795028,
				-2761.3298897578447,
				625222.31697526854,
				12080.627744287256,
				374687.63287204504,
				0.0,
				12291.214529359248,
				28883.806826206801,
				12080.627744287256,
				84315.79834594042,
				3405.02962795028,
				-12291.214529359248,
				0.0,
				0.0,
				374687.63287204504,
				3405.02962795028,
				250610.0,
				0.0,
				0.0,
				-374687.63287204504,
				0.0,
				-12291.214529359248,
				0.0,
				250610.0,
				0.0,
				-3405.02962795028,
				12291.214529359248,
				0.0,
				0.0,
				0.0,
				250610.0
			],
			"source_node_id" : 28,
			"target_node_id" : 29,
			"transformation" : 
			[
				0.9999922280680289,
				-0.0024609054887395087,
				0.0030802187771421861,
				0.0,
				0.0024956871376922902,
				0.9999325913778857,
				-0.011339499372405944,
				0.0,
				-0.0030521057075934954,
				0.011347098504971618,
				0.99993096161998518,
				0.0,
				0.0010794045526648303,
				0.001155771162915379,
				-2.2133993020021727e-05,
				1.0
			],
			"uncertain" : false,
			"version_major" : 1,
			"version_minor" : 0
		},
		{
			"class_name" : "PoseGraphEdge",
			"confidence" : 1.0,
			"information" : 
			[
				611110.41305226029,
				-2498.9067392787724,
				28030.298112516724,
				0.0,
				-375405.8045552969,
				-3968.7277012778213,
				-2498.9067392787724,
				627907.71866123972,
				12681.866631248542,
				375405.8045552969,
				0.0,
				11660.094372280873,
				28030.298112516724,
				12681.866631248542,
				85028.557328814481,
				3968.7277012778213,
				-11660.094372280873,
				0.0,
				0.0,
				375405.8045552969,
				3968.7277012778213,
				250367.0,
				0.0,
				0.0,
				-375405.8045552969,
				0.0,
				-11660.094372280873,
				0.0,
				250367.0,
				0.0,
				-3968.7277012778213,
				11660.094372280873,
				0.0,
				0.0,
				0.0,
				250367.0
			],
			"source_node_id" : 29,
			"target_node_id" : 30,
			"transformation" : 
			[
				0.99998812813314963,
				-0.002763494798325192,
				-0.0040133139994879665,
				0.0,
				0.0027347658492082997,
				0.99997072499704964,
				-0.0071463420450529414,
				0.0,
				0.0040329453887773467,
				0.0071352817305637617,
				0.99996641098894756,
				0.0,
				0.0014794880069229049,
				0.0029011985188078155,
				0.00014838793874447987,
				1.0
			],
			"uncertain" : false,
			"version_major" : 1,
			"version_minor" : 0
		},
		{
			"class_name" : "PoseGraphEdge",
			"confidence" : 1.0,
			"information" : 
			[
				619046.74411598756,
				-2388.5505344677254,
				28929.809209787731,
				0.0,
				-379129.12498927116,
				-3784.8779264263576,
				-2388.5505344677254,
				636262.18016412179,
				12263.264795963554,
				379129.12498927116,
				0.0,
				12180.885775877628,
				28929.809209787731,
				12263.264795963554,
				86578.544839258117,
				3784.8779264263576,
				-12180.885775877628,
				0.0,
				0.0,
				379129.12498927116,
				3784.8779264263576,
				251985.0,
				0.0,
				0.0,
				-379129.12498927116,
				0.0,
				-12180.885775877628,
				0.0,
				251985.0,
				0.0,
				-3784.8779264263576,
				12180.885775877628,
				0.0,
				0.0,
				0.0,
				251985.0
			],
			"source_node_id" : 30,
			"target_node_id" : 31,
			"transformation" : 
			[
				0.99999614777565471,
				0.00042716961817149075,
				-0.0027426191802862746,
				0.0,
				-0.0004430033209858472,
				0.99998322529187822,
				-0.0057751954867416022,
				0.0,
				0.0027401061855990973,
				0.0057763882287980173,
				0.99997956236971264,
				0.0,
				0.00015108430591047057,
				0.0042742627779281343,
				0.00043934731817916024,
				1.0
			],
			"uncertain" : false,
			"version_major" : 1,
			"version_minor" : 0
		},
		{
			"class_name" : "PoseGraphEdge",
			"confidence" : 1.0,
			"information" : 
			[
				620430.32351565431,
				-2504.6756346036336,
				29881.577842126568,
				0.0,
				-379118.95378392935,
				-3358.0117804113543,
				-2504.6756346036336,
				637979.165974473,
				11248.845765195354,
				379118.95378392935,
				0.0,
				12727.660652888706,
				29881.577842126568,
				11248.845765195354,
				86857.037255028175,
				3358.0117804113543,
				-12727.660652888706,
				0.0,
				0.0,
				379118.95378392935,
				3358.0117804113543,
				251312.0,
