{
	"class_name" : "PoseGraph",
	"edges" : 
	[
		{
			"class_name" : "PoseGraphEdge",
			"confidence" : 1.0,
			"information" : 
			[
				705547.24924213451,
				-12116.343260878271,
				-17349.751457125567,
				0.0,
				-395816.57109504938,
				-13982.59803982533,
				-12116.343260878271,
				731295.39740625431,
				44387.222253434375,
				395816.57109504938,
				0.0,
				-2544.1470569341909,
				-17349.751457125567,
				44387.222253434375,
				112628.444059307,
				13982.59803982533,
				2544.1470569341909,
				0.0,
				0.0,
				395816.57109504938,
				13982.59803982533,
				252309.0,
				0.0,
				0.0,
				-395816.57109504938,
				0.0,
				2544.1470569341909,
				0.0,
				252309.0,
				0.0,
				-13982.59803982533,
				-2544.1470569341909,
				0.0,
				0.0,
				0.0,
				252309.0
			],
			"source_node_id" : 0,
			"target_node_id" : 1,
			"transformation" : 
			[
				0.9999909752911208,
				-0.0036266897370014297,
				0.0022127941304798102,
				0.0,
				0.0036162600453543076,
				0.99998241949901079,
				0.0046992931585981947,
				0.0,
				-0.0022297981067198633,
				-0.0046912487098428558,
				0.99998651000198246,
				0.0,
				0.0027645810075267088,
				0.0029684718822583465,
				-0.0038239558358987022,
				1.0
			],
			"uncertain" : false,
			"version_major" : 1,
			"version_minor" : 0
		},
		{
			"class_name" : "PoseGraphEdge",
			"confidence" : 1.0,
			"information" : 
			[
				686490.10985957645,
				-11484.810709339819,
				-18392.890339486024,
				0.0,
				-387902.62811553478,
				-13648.129010002012,
				-11484.810709339819,
				710905.77887218061,
				42554.498077215569,
				387902.62811553478,
				0.0,
				-2815.4835717648966,
				-18392.890339486024,
				42554.498077215569,
				108734.88705014817,
				13648.129010002012,
				2815.4835717648966,
				0.0,
				0.0,
				387902.62811553478,
				13648.129010002012,
				249061.0,
				0.0,
				0.0,
				-387902.62811553478,
				0.0,
				2815.4835717648966,
				0.0,
				249061.0,
				0.0,
				-13648.129010002012,
				-2815.4835717648966,
				0.0,
				0.0,
				0.0,
				249061.0
			],
			"source_node_id" : 1,
			"target_node_id" : 2,
			"transformation" : 
			[
				0.99996365052890135,
				0.0012944409184181898,
				0.0084274577199860302,
				0.0,
				-0.0013661845387525975,
				0.99996283137825936,
				0.0085128962040027442,
				0.0,
				-0.0084161250418170984,
				-0.0085241002271662456,
				0.99992825170339017,
				0.0,
				0.0076870631661751961,
				0.0046049664044267033,
				-0.0080033891645231118,
				1.0
			],
			"uncertain" : false,
			"version_major" : 1,
			"version_minor" : 0
		},
		{
			"class_name" : "PoseGraphEdge",
			"confidence" : 1.0,
			"information" : 
			[
				681090.90462792711,
				-11350.072443484507,
				-19688.315466200169,
				0.0,
				-386932.7285951376,
				-13211.959971738979,
				-11350.072443484507,
				705630.40040635318,
				41282.397775622951,
				386932.7285951376,
				0.0,
				-3309.826224047807,
				-19688.315466200169,
				41282.397775622951,
				107927.11189768529,
				13211.959971738979,
				3309.826224047807,
				0.0,
				0.0,
				386932.7285951376,
				13211.959971738979,
				249707.0,
				0.0,
				0.0,
				-386932.7285951376,
				0.0,
				3309.826224047807,
				0.0,
				249707.0,
				0.0,
				-13211.959971738979,
				-3309.826224047807,
				0.0,
				0.0,
				0.0,
				249707.0
			],
			"source_node_id" : 2,
			"target_node_id" : 3,
			"transformation" : 
			[
				0.99994925780128929,
				-0.0041887694620717821,
				0.0091616610417837637,
				0.0,
				0.0040981136517038007,
				0.99994267903382572,
				0.0098916182272273806,
				0.0,
				-0.0092025695948817609,
				-0.0098535707765821032,
				0.99990910579702286,
				0.0,
				0.0095300481652995303,
				0.0085830850232543002,
				-0.0045388109130112021,
				1.0
			],
			"uncertain" : false,
			"version_major" : 1,
			"version_minor" : 0
		},
		{
			"class_name" : "PoseGraphEdge",
			"confidence" : 1.0,
			"information" : 
			[
				682899.17243533325,
				-11478.204546773948,
				-20664.85845371948,
				0.0,
				-389950.41170746088,
				-13242.878470209078,
				-11478.204546773948,
				708879.59148288425,
				41119.007167751843,
				389950.41170746088,
				0.0,
				-3797.9142130275723,
				-20664.85845371948,
				41119.007167751843,
				109199.39751925459,
				13242.878470209078,
				3797.9142130275723,
				0.0,
				0.0,
				389950.41170746088,
				13242.878470209078,
				252882.0,
				0.0,
				0.0,
				-389950.41170746088,
				0.0,
				3797.9142130275723,
				0.0,
				252882.0,
				0.0,
				-13242.878470209078,
				-3797.9142130275723,
				0.0,
				0.0,
				0.0,
				252882.0
			],
			"source_node_id" : 3,
			"target_node_id" : 4,
			"transformation" : 
			[
				0.99996403155663416,
				-0.0083681187571643025,
				0.0013820931475531839,
				0.0,
				0.0083622408733919351,
				0.99995619333706443,
				0.0042052745953638998,
				0.0,
				-0.0014172228398850152,
				-0.0041935659423734794,
				0.99999020269406091,
				0.0,
				-9.1843677746814055e-05,
				0.00093541531661144798,
				-0.0043978661438815415,
				1.0
			],
			"uncertain" : false,
			"version_major" : 1,
			"version_minor" : 0
		},
		{
			"class_name" : "PoseGraphEdge",
			"confidence" : 1.0,
			"information" : 
			[
				667898.01052459073,
				-11325.497712947074,
				-20753.278548110327,
				0.0,
				-383475.15225321054,
				-12460.839297840837,
				-11325.497712947074,
				692753.85161964514,
				38797.189548774448,
				383475.15225321054,
				0.0,
				-3646.1113089581486,
				-20753.278548110327,
				38797.189548774448,
				105705.03468018776,
				12460.839297840837,
				3646.1113089581486,
				0.0,
				0.0,
				383475.15225321054,
				12460.839297840837,
				250017.0,
				0.0,
				0.0,
				-383475.15225321054,
				0.0,
				3646.1113089581486,
				0.0,
				250017.0,
				0.0,
				-12460.839297840837,
				-3646.1113089581486,
				0.0,
				0.0,
				0.0,
				250017.0
			],
			"source_node_id" : 4,
			"target_node_id" : 5,
			"transformation" : 
			[
				0.99996788981805462,
				-0.0019609290878258986,
				0.0077700765723313202,
				0.0,
				0.001896907003765111,
				0.99996426470002608,
				0.0082383898156907914,
				0.0,
				-0.0077859538045406095,
				-0.0082233861668250131,
				0.99993587536566875,
				0.0,
				0.0049907122699697501,
				0.0038040911777412287,
				-0.0054839981601532478,
				1.0
			],
			"uncertain" : false,
			"version_major" : 1,
			"version_minor" : 0
		},
		{
			"class_name" : "PoseGraphEdge",
			"confidence" : 1.0,
			"information" : 
			[
				661569.12715314084,
				-11420.530659567645,
				-21397.013820386212,
				0.0,
				-381912.4728320837,
				-12178.264572177199,
				-11420.530659567645,
				686699.21664232458,
				38023.205955335725,
				381912.4728320837,
				0.0,
				-4063.6221254861448,
				-21397.013820386212,
				38023.205955335725,
				105202.93493516657,
				12178.264572177199,
				4063.6221254861448,
				0.0,
				0.0,
				381912.4728320837,
				12178.264572177199,
				250291.0,
				0.0,
				0.0,
				-381912.4728320837,
				0.0,
				4063.6221254861448,
				0.0,
				250291.0,
				0.0,
				-12178.264572177199,
				-4063.6221254861448,
				0.0,
				0.0,
				0.0,
				250291.0
			],
			"source_node_id" : 5,
			"target_node_id" : 6,
			"transformation" : 
			[
				0.9999679149223677,
				-0.0067147524629707833,
				0.0043682061731989408,
				0.0,
				0.0066807965198023627,
				0.9999477118675395,
				0.0077421243037170181,
				0.0,
				-0.0044199642160929458,
				-0.0077126928004580134,
				0.99996048836246276,
				0.0,
				0.0074497695602194309,
				0.0064122522919987657,
				-0.0042725395950595855,
				1.0
			],
			"uncertain" : false,
			"version_major" : 1,
			"version_minor" : 0
		},
		{
			"class_name" : "PoseGraphEdge",
			"confidence" : 1.0,
			"information" : 
			[
				650286.87640712853,
				-11356.988065905514,
				-20397.524316502917,
				0.0,
				-377804.64138782024,
				-12189.550241330173,
				-11356.988065905514,
				675613.36270951724,
				37461.371454278509,
				377804.64138782024,
				0.0,
				-3360.5732869658386,
				-20397.524316502917,
				37461.371454278509,
				103619.12285454068,
				12189.550241330173,
				3360.5732869658386,
				0.0,
				0.0,
				377804.64138782024,
				12189.550241330173,
				249247.0,
				0.0,
				0.0,
				-377804.64138782024,
				0.0,
				3360.5732869658386,
				0.0,
				249247.0,
				0.0,
				-12189.550241330173,
				-3360.5732869658386,
				0.0,
				0.0,
				0.0,
				249247.0
			],
			"source_node_id" : 6,
			"target_node_id" : 7,
			"transformation" : 
			[
				0.99994030542585577,
				-0.010794284651320617,
				0.0016938133637572428,
				0.0,
				0.010779865664087271,
				0.9999074256074949,
				0.008302693012277422,
				0.0,
				-0.001783278191761124,
				-0.0082839383060324661,
				0.99996409749802195,
				0.0,
				0.00091410133157948908,
				0.0037720988631526017,
				-0.0054383902751422601,
				1.0
			],
			"uncertain" : false,
			"version_major" : 1,
			"version_minor" : 0
		},
		{
			"class_name" : "PoseGraphEdge",
			"confidence" : 1.0,
			"information" : 
			[
				648403.70029811445,
				-11800.576655595789,
				-22171.900289188237,
				0.0,
				-377973.46771657467,
				-10908.659984743805,
				-11800.576655595789,
				673880.77840726788,
				34786.882534131291,
				377973.46771657467,
				0.0,
				-4608.3356516669737,
				-22171.900289188237,
				34786.882534131291,
				103345.17462488094,
				10908.659984743805,
				4608.3356516669737,
				0.0,
				0.0,
				377973.46771657467,
				10908.659984743805,
				249761.0,
				0.0,
				0.0,
				-377973.46771657467,
				0.0,
				4608.3356516669737,
				0.0,
				249761.0,
				0.0,
				-10908.659984743805,
				-4608.3356516669737,
				0.0,
				0.0,
				0.0,
				249761.0
			],
			"source_node_id" : 7,
			"target_node_id" : 8,
			"transformation" : 
			[
				0.99998550108269812,
				-0.001705424004759567,
				0.0051077542373905256,
				0.0,
				0.0016819113778073881,
				0.99998798672416445,
				0.0046040831301203079,
				0.0,
				-0.005115544790419993,
				-0.0045954255859328354,
				0.9999763563530798,
				0.0,
				0.0072978623020299336,
				0.0074065592562802679,
				-0.006237251936729634,
				1.0
			],
			"uncertain" : false,
			"version_major" : 1,
			"version_minor" : 0
		},
		{
			"class_name" : "PoseGraphEdge",
			"confidence" : 1.0,
			"information" : 
			[
				628356.15563781373,
				-11528.849555570796,
				-20760.829474342736,
				0.0,
				-369953.87946385145,
				-11522.732738060411,
				-11528.849555570796,
				653318.49208645441,
				35028.051677623902,
				369953.87946385145,
				0.0,
				-4017.1858358798199,
				-20760.829474342736,
				35028.051677623902,
				99981.61358847373,
				11522.732738060411,
				4017.1858358798199,
				0.0,
				0.0,
				369953.87946385145,
				11522.732738060411,
				246886.0,
				0.0,
				0.0,
				-369953.87946385145,
				0.0,
				4017.1858358798199,
				0.0,
				246886.0,
				0.0,
				-11522.732738060411,
				-4017.1858358798199,
				0.0,
				0.0,
				0.0,
				246886.0
			],
			"source_node_id" : 8,
			"target_node_id" : 9,
			"transformation" : 
			[
				0.99995424036432212,
				-0.0091431526989252977,
				0.0028142381094387408,
				0.0,
				0.0091157841520605864,
				0.99991247400812289,
				0.0095888895211357593,
				0.0,
				-0.0029016644715617003,
				-0.0095627967498865679,
				0.99995006538407416,
				0.0,
				0.013009796329399453,
				0.0066607846709743979,
				-0.0091834155531782813,
				1.0
			],
			"uncertain" : false,
			"version_major" : 1,
			"version_minor" : 0
		},
		{
			"class_name" : "PoseGraphEdge",
			"confidence" : 1.0,
			"information" : 
			[
				628028.3552517842,
				-11351.555721448207,
				-22516.915081447089,
				0.0,
				-370766.34317445755,
				-11271.220438073622,
				-11351.555721448207,
				651927.81308167323,
				34841.975985441051,
				370766.34317445755,
				0.0,
				-5334.2392054171069,
				-22516.915081447089,
				34841.975985441051,
				99593.993860443996,
				11271.220438073622,
				5334.2392054171069,
				0.0,
				0.0,
				370766.34317445755,
				11271.220438073622,
				248125.0,
				0.0,
				0.0,
				-370766.34317445755,
				0.0,
				5334.2392054171069,
				0.0,
				248125.0,
				0.0,
				-11271.220438073622,
				-5334.2392054171069,
				0.0,
				0.0,
				0.0,
				248125.0
			],
			"source_node_id" : 9,
			"target_node_id" : 10,
			"transformation" : 
			[
				0.99999733643869537,
				0.002195004803248217,
				-0.00071349101532638091,
				0.0,
				-0.0021919168456363785,
				0.99998835138194775,
				0.0043003024260271317,
				0.0,
				0.00072292188862261002,
				-0.0042987270589322883,
				0.99999049911967486,
				0.0,
				0.014168840490184237,
				0.011895375233674005,
				-0.0056091758501902898,
				1.0
			],
			"uncertain" : false,
			"version_major" : 1,
			"version_minor" : 0
		},
		{
			"class_name" : "PoseGraphEdge",
			"confidence" : 1.0,
			"information" : 
			[
				606962.9651143006,
				-10334.99704760623,
				-22957.065609460285,
				0.0,
				-361016.01215064526,
				-10828.446643042611,
				-10334.99704760623,
				628536.83229906927,
				33915.756375198442,
				361016.01215064526,
				0.0,
				-6159.7037698443164,
				-22957.065609460285,
				33915.756375198442,
				93962.988751713841,
				10828.446643042611,
				6159.7037698443164,
				0.0,
				0.0,
				361016.01215064526,
				10828.446643042611,
				243398.0,
				0.0,
				0.0,
				-361016.01215064526,
				0.0,
				6159.7037698443164,
				0.0,
				243398.0,
				0.0,
				-10828.446643042611,
				-6159.7037698443164,
				0.0,
				0.0,
				0.0,
				243398.0
			],
			"source_node_id" : 10,
			"target_node_id" : 11,
			"transformation" : 
			[
				0.99949254471642024,
				0.023692831964668929,
				-0.021290908148519871,
				0.0,
				-0.023740649008469648,
				0.99971615868156116,
				-0.0019959097278406572,
				0.0,
				0.021237576155281861,
				0.0025003568703292913,
				0.99977133064244739,
				0.0,
				0.0048087536549216115,
				0.010029874690303571,
				-0.0073247601310959948,
				1.0
			],
			"uncertain" : false,
			"version_major" : 1,
			"version_minor" : 0
		},
		{
			"class_name" : "PoseGraphEdge",
			"confidence" : 1.0,
			"information" : 
			[
				624839.20102587878,
				-10497.832314178217,
				-21426.952089437789,
				0.0,
				-371969.98714715242,
				-12053.668131738203,
				-10497.832314178217,
				649189.99081246485,
				36403.700696735883,
				371969.98714715242,
				0.0,
				-4968.1192969664116,
				-21426.952089437789,
				36403.700696735883,
				99619.745476668992,
				12053.668131738203,
				4968.1192969664116,
				0.0,
				0.0,
				371969.98714715242,
				12053.668131738203,
				250825.0,
				0.0,
				0.0,
				-371969.98714715242,
				0.0,
				4968.1192969664116,
				0.0,
				250825.0,
				0.0,
				-12053.668131738203,
				-4968.1192969664116,
				0.0,
				0.0,
				0.0,
				250825.0
			],
			"source_node_id" : 11,
			"target_node_id" : 12,
			"transformation" : 
			[
				0.99998588315753401,
				0.0034895546516266022,
				-0.0040070555249495819,
				0.0,
				-0.0034882344783256055,
				0.99999385950751207,
				0.00033640376707879695,
				0.0,
				0.0040082048189854606,
				-0.00032242146888111496,
				0.99999191513658037,
				0.0,
				0.005342476857728283,
				0.0095707721183424764,
				-0.0039246637483333372,
				1.0
			],
			"uncertain" : false,
			"version_major" : 1,
			"version_minor" : 0
		},
		{
			"class_name" : "PoseGraphEdge",
			"confidence" : 1.0,
			"information" : 
			[
				614744.7606467827,
				-10191.151374412117,
				-20520.436412251354,
				0.0,
				-366769.62119907141,
				-11943.978948130622,
				-10191.151374412117,
				639194.84750199539,
				35916.787965953044,
				366769.62119907141,
				0.0,
				-4661.6816226373194,
				-20520.436412251354,
				35916.787965953044,
				98451.887456612938,
				11943.978948130622,
				4661.6816226373194,
				0.0,
				0.0,
				366769.62119907141,
				11943.978948130622,
				247551.0,
				0.0,
				0.0,
				-366769.62119907141,
				0.0,
				4661.6816226373194,
				0.0,
				247551.0,
				0.0,
				-11943.978948130622,
				-4661.6816226373194,
				0.0,
				0.0,
				0.0,
				247551.0
			],
			"source_node_id" : 12,
			"target_node_id" : 13,
			"transformation" : 
			[
				0.9999672099643685,
				0.0056416556876957508,
				-0.0058095367437965284,
				0.0,
				-0.0056467888819765697,
				0.99998368042677133,
				-0.00086755717496443999,
				0.0,
				0.0058045474757656779,
				0.00090033395522806387,
				0.99998274816487176,
				0.0,
				0.0046729817133238406,
				0.010613829548825268,
				-0.0070933405601301307,
				1.0
			],
			"uncertain" : false,
			"version_major" : 1,
			"version_minor" : 0
		},
		{
			"class_name" : "PoseGraphEdge",
			"confidence" : 1.0,
			"information" : 
			[
				626449.23842136189,
				-10453.866564725944,
				-20239.672007994122,
				0.0,
				-373958.70480334759,
				-12526.560515245423,
				-10453.866564725944,
				651361.37503859506,
				37085.975287250498,
				373958.70480334759,
				0.0,
				-4101.9123140870943,
				-20239.672007994122,
				37085.975287250498,
				101279.78164422966,
				12526.560515245423,
				4101.9123140870943,
				0.0,
				0.0,
				373958.70480334759,
				12526.560515245423,
				252657.0,
				0.0,
				0.0,
				-373958.70480334759,
				0.0,
				4101.9123140870943,
				0.0,
				252657.0,
				0.0,
				-12526.560515245423,
				-4101.9123140870943,
				0.0,
				0.0,
				0.0,
				252657.0
			],
			"source_node_id" : 13,
			"target_node_id" : 14,
			"transformation" : 
			[
				0.99996565015671712,
				0.0072003127199232343,
				0.0041053627597006743,
				0.0,
				-0.0072104395532979855,
				0.99997098522000594,
				0.0024572911058154488,
				0.0,
				-0.0040875503790976453,
				-0.0024868081682742501,
				0.99998855379300844,
				0.0,
				0.0091069158049967621,
				0.008395818600913707,
				-0.0040730259305390721,
				1.0
			],
			"uncertain" : false,
			"version_major" : 1,
			"version_minor" : 0
		},
		{
			"class_name" : "PoseGraphEdge",
			"confidence" : 1.0,
			"information" : 
			[
				619022.79739000415,
				-10044.524193843827,
				-20516.947400126304,
				0.0,
				-370222.30701118708,
				-12234.81838665856,
				-10044.524193843827,
				643291.66000946821,
				36449.797688823717,
				370222.30701118708,
				0.0,
				-4455.2861905108439,
				-20516.947400126304,
				36449.797688823717,
				99376.263310775394,
				12234.81838665856,
				4455.2861905108439,
				0.0,
				0.0,
				370222.30701118708,
				12234.81838665856,
				250385.0,
				0.0,
				0.0,
				-370222.30701118708,
				0.0,
				4455.2861905108439,
				0.0,
				250385.0,
				0.0,
				-12234.81838665856,
				-4455.2861905108439,
				0.0,
				0.0,
				0.0,
				250385.0
			],
			"source_node_id" : 14,
			"target_node_id" : 15,
			"transformation" : 
			[
				0.99996700393440985,
				0.0080805437325070732,
				-0.0008341794931692537,
				0.0,
				-0.0080815332080970848,
				0.99996663617328208,
				-0.0011896895802477867,
				0.0,
				0.00082453832306789729,
				0.001196391774447924,
				0.9999989443910805,
				0.0,
				0.0099813558809914646,
				0.0070511741075267812,
				-0.0042502040964197026,
				1.0
			],
			"uncertain" : false,
			"version_major" : 1,
			"version_minor" : 0
		},
		{
			"class_name" : "PoseGraphEdge",
			"confidence" : 1.0,
			"information" : 
			[
				611184.08814744698,
				-9964.5985126122978,
				-19523.643986469189,
				0.0,
				-366287.26812005043,
				-11916.809234485729,
				-9964.5985126122978,
				635447.46604326041,
				35563.900859574147,
				366287.26812005043,
				0.0,
				-3988.3482846681727,
				-19523.643986469189,
				35563.900859574147,
				98411.272929007595,
				11916.809234485729,
				3988.3482846681727,
				0.0,
				0.0,
				366287.26812005043,
				11916.809234485729,
				247796.0,
				0.0,
				0.0,
				-366287.26812005043,
				0.0,
				3988.3482846681727,
				0.0,
				247796.0,
				0.0,
				-11916.809234485729,
				-3988.3482846681727,
				0.0,
				0.0,
				0.0,
				247796.0
			],
			"source_node_id" : 15,
			"target_node_id" : 16,
			"transformation" : 
			[
				0.99996914166207662,
				0.0078519213062007848,
				0.0002511083627812993,
				0.0,
				-0.0078522308103189629,
				0.99996838161620183,
				0.0012562798956369018,
				0.0,
				-0.00024123621226160831,
				-0.0012582128897503169,
				0.99999917935237015,
				0.0,
				0.010519978289315855,
				0.014708065831886896,
				-0.0063528601126099857,
				1.0
			],
			"uncertain" : false,
			"version_major" : 1,
			"version_minor" : 0
		},
		{
			"class_name" : "PoseGraphEdge",
			"confidence" : 1.0,
			"information" : 
			[
				620138.11243867513,
				-9495.4744062777663,
				-19316.366932939938,
				0.0,
				-371810.83881479502,
				-12675.39533923869,
				-9495.4744062777663,
				644788.95424629154,
				37070.613632132423,
				371810.83881479502,
				0.0,
				-3858.7844710928039,
				-19316.366932939938,
				37070.613632132423,
				100213.02363974693,
				12675.39533923869,
				3858.7844710928039,
				0.0,
				0.0,
				371810.83881479502,
				12675.39533923869,
				251453.0,
				0.0,
				0.0,
				-371810.83881479502,
				0.0,
				3858.7844710928039,
				0.0,
				251453.0,
				0.0,
				-12675.39533923869,
				-3858.7844710928039,
				0.0,
				0.0,
				0.0,
				251453.0
			],
			"source_node_id" : 16,
			"target_node_id" : 17,
			"transformation" : 
			[
				0.99999723503709126,
				-0.0023128535303424272,
				0.00042500202259698755,
				0.0,
				0.0023122446793749389,
				0.99999630782896176,
				0.0014275338826263799,
				0.0,
				-0.00042830213019694403,
				-0.0014265472268826687,
				0.99999889075953285,
				0.0,
				0.0070132613858667932,
				0.0096796809406347415,
				-0.0029940868666259689,
				1.0
			],
			"uncertain" : false,
			"version_major" : 1,
			"version_minor" : 0
		},
		{
			"class_name" : "PoseGraphEdge",
			"confidence" : 1.0,
			"information" : 
			[
				625937.5467842737,
				-9520.8406927794076,
				-18887.187088206039,
				0.0,
				-375326.41024577618,
				-12607.115239493316,
				-9520.8406927794076,
				651423.07373342104,
				36953.930873860467,
				375326.41024577618,
				0.0,
				-3553.4077575248084,
				-18887.187088206039,
				36953.930873860467,
				101423.7714652884,
				12607.115239493316,
				3553.4077575248084,
				0.0,
				0.0,
				375326.41024577618,
				12607.115239493316,
				253465.0,
				0.0,
				0.0,
				-375326.41024577618,
				0.0,
				3553.4077575248084,
				0.0,
				253465.0,
				0.0,
				-12607.115239493316,
				-3553.4077575248084,
				0.0,
				0.0,
				0.0,
				253465.0
			],
			"source_node_id" : 17,
			"target_node_id" : 18,
			"transformation" : 
			[
				0.99999484158237495,
				0.0019577106924095712,
				0.0025464048156571568,
				0.0,
				-0.0019564426881002388,
				0.99999796098670113,
				-0.00050035432379179302,
				0.0,
				-0.0025473791725135544,
				0.00049536984767269436,
				0.99999663272836292,
				0.0,
				0.0055507089826805989,
				0.0076624024236133705,
				-0.0025744311121564207,
				1.0
			],
			"uncertain" : false,
			"version_major" : 1,
			"version_minor" : 0
		},
		{
			"class_name" : "PoseGraphEdge",
			"confidence" : 1.0,
			"information" : 
			[
				605243.68477064953,
				-8696.0502934256347,
				-20332.774092433414,
				0.0,
				-363421.8855150938,
				-9852.3278595621232,
				-8696.0502934256347,
				630903.08016068034,
				31825.286051697967,
				363421.8855150938,
				0.0,
				-4465.5844052293687,
				-20332.774092433414,
				31825.286051697967,
				97163.07316429526,
				9852.3278595621232,
				4465.5844052293687,
				0.0,
				0.0,
				363421.8855150938,
				9852.3278595621232,
				245073.0,
				0.0,
				0.0,
				-363421.8855150938,
				0.0,
				4465.5844052293687,
				0.0,
				245073.0,
				0.0,
				-9852.3278595621232,
				-4465.5844052293687,
				0.0,
				0.0,
				0.0,
				245073.0
			],
			"source_node_id" : 18,
			"target_node_id" : 19,
			"transformation" : 
			[
				0.99995709275296152,
				-0.0054771123949694887,
				0.0074708696186063977,
				0.0,
				0.0055206261850876005,
				0.9999678459920095,
				-0.0058163277611044716,
				0.0,
				-0.0074387727193314396,
				0.005857322076934228,
				0.99995517721471727,
				0.0,
				0.0099581076394684789,
				0.010512003873236817,
				-0.0069219758468352498,
				1.0
			],
			"uncertain" : false,
			"version_major" : 1,
			"version_minor" : 0
		},
		{
			"class_name" : "PoseGraphEdge",
			"confidence" : 1.0,
			"information" : 
			[
				627577.03667360696,
				-9202.283546569699,
				-17276.595961108222,
				0.0,
				-374709.27146178484,
				-11301.4913076784,
				-9202.283546569699,
				653099.95280085946,
				34641.501268659282,
				374709.27146178484,
				0.0,
				-2581.4676052064169,
				-17276.595961108222,
				34641.501268659282,
				100697.88754488966,
				11301.4913076784,
				2581.4676052064169,
				0.0,
				0.0,
				374709.27146178484,
				11301.4913076784,
				251007.0,
				0.0,
				0.0,
				-374709.27146178484,
				0.0,
				2581.4676052064169,
				0.0,
				251007.0,
				0.0,
				-11301.4913076784,
				-2581.4676052064169,
				0.0,
				0.0,
				0.0,
				251007.0
			],
			"source_node_id" : 19,
			"target_node_id" : 20,
			"transformation" : 
			[
				0.99997069141250128,
				-0.00043553586827912403,
				0.007643731059666775,
				0.0,
				0.00047514549371817328,
				0.99998646603704944,
				-0.0051809245789717368,
				0.0,
				-0.0076413711312088165,
				0.0051844046177585788,
				0.99995736478911657,
				0.0,
				0.0049117344962720487,
				0.0050023208501368188,
				-0.0017390157673346463,
				1.0
			],
			"uncertain" : false,
			"version_major" : 1,
			"version_minor" : 0
		},
		{
			"class_name" : "PoseGraphEdge",
			"confidence" : 1.0,
			"information" : 
			[
				635204.75229543308,
				-9094.7598423632498,
				-16768.791345955731,
				0.0,
				-377409.88380038738,
				-11406.970926918788,
				-9094.7598423632498,
				659965.86594055255,
				35035.884574187185,
				377409.88380038738,
				0.0,
				-2199.5367807706934,
				-16768.791345955731,
				35035.884574187185,
				101652.11986841442,
				11406.970926918788,
				2199.5367807706934,
				0.0,
				0.0,
				377409.88380038738,
				11406.970926918788,
				251398.0,
				0.0,
				0.0,
				-377409.88380038738,
				0.0,
				2199.5367807706934,
				0.0,
				251398.0,
				0.0,
				-11406.970926918788,
				-2199.5367807706934,
				0.0,
				0.0,
				0.0,
				251398.0
			],
			"source_node_id" : 20,
			"target_node_id" : 21,
			"transformation" : 
			[
				0.99989867231762364,
				-0.0028071632974082379,
				0.013955820709448513,
				0.0,
				0.0028147509952834437,
				0.99999590124915461,
				-0.00052408179322443321,
				0.0,
				-0.013954292324841796,
				0.0005633108494628678,
				0.99990247544778044,
				0.0,
				0.011777890703445428,
				0.0067925774382716093,
				-0.00020493444771613192,
				1.0
			],
			"uncertain" : false,
			"version_major" : 1,
			"version_minor" : 0
		},
		{
			"class_name" : "PoseGraphEdge",
			"confidence" : 1.0,
			"information" : 
			[
				646321.19925348775,
				-8979.4245460138045,
				-18531.014430171992,
				0.0,
				-382479.24718630314,
				-11683.127340676147,
				-8979.4245460138045,
				672061.43391262868,
				35515.682353212884,
				382479.24718630314,
				0.0,
				-3041.3758218969451,
				-18531.014430171992,
				35515.682353212884,
				103962.38701509377,
				11683.127340676147,
				3041.3758218969451,
				0.0,
				0.0,
				382479.24718630314,
				11683.127340676147,
				253447.0,
				0.0,
				0.0,
				-382479.24718630314,
				0.0,
				3041.3758218969451,
				0.0,
				253447.0,
				0.0,
				-11683.127340676147,
				-3041.3758218969451,
				0.0,
				0.0,
				0.0,
				253447.0
			],
			"source_node_id" : 21,
			"target_node_id" : 22,
			"transformation" : 
			[
				0.9999459723851194,
				-0.0043968913874082218,
				0.0094191112587844721,
				0.0,
				0.0043983689247460442,
				0.99999031785920256,
				-0.00013615671815582007,
				0.0,
				-0.009418421395321697,
				0.00017757808819245083,
				0.99995562991786957,
				0.0,
				0.0089001273050150868,
				0.0072599040550227825,
				-0.0011024180317797487,
				1.0
			],
			"uncertain" : false,
			"version_major" : 1,
			"version_minor" : 0
		},
		{
			"class_name" : "PoseGraphEdge",
			"confidence" : 1.0,
			"information" : 
			[
				647517.0531826556,
				-8831.6346165698924,
				-18213.563388739156,
				0.0,
				-382375.72447407246,
				-10920.798956224229,
				-8831.6346165698924,
				673534.05062173819,
				34193.823579542361,
				382375.72447407246,
				0.0,
				-2705.404329554236,
				-18213.563388739156,
				34193.823579542361,
				104279.59094687559,
				10920.798956224229,
				2705.404329554236,
				0.0,
				0.0,
				382375.72447407246,
				10920.798956224229,
				252532.0,
				0.0,
				0.0,
				-382375.72447407246,
				0.0,
				2705.404329554236,
				0.0,
				252532.0,
				0.0,
				-10920.798956224229,
				-2705.404329554236,
				0.0,
				0.0,
				0.0,
				252532.0
			],
			"source_node_id" : 22,
			"target_node_id" : 23,
			"transformation" : 
			[
				0.999954517887923,
				-0.0064262361769395846,
				0.0070473856237388346,
				0.0,
				0.0064433252726173789,
				0.99997634980869388,
				-0.0024048664647317937,
				0.0,
				-0.0070317647118442531,
				0.0024501656842210295,
				0.99997227510224396,
				0.0,
				0.0081195724462555258,
				0.0049544329273367351,
				2.78899480336933e-05,
				1.0
			],
			"uncertain" : false,
			"version_major" : 1,
			"version_minor" : 0
		},
		{
			"class_name" : "PoseGraphEdge",
			"confidence" : 1.0,
			"information" : 
			[
				647594.4947532732,
				-8764.0140568645202,
				-15996.567723997829,
				0.0,
				-381207.11395084858,
				-11311.018902025535,
				-8764.0140568645202,
				672792.05175839167,
				34979.490563992375,
				381207.11395084858,
				0.0,
				-1410.4496932975599,
				-15996.567723997829,
				34979.490563992375,
				104525.39522373196,
				11311.018902025535,
				1410.4496932975599,
				0.0,
				0.0,
				381207.11395084858,
				11311.018902025535,
				250944.0,
				0.0,
				0.0,
				-381207.11395084858,
				0.0,
				1410.4496932975599,
				0.0,
				250944.0,
				0.0,
				-11311.018902025535,
				-1410.4496932975599,
				0.0,
				0.0,
				0.0,
				250944.0
			],
			"source_node_id" : 23,
			"target_node_id" : 24,
			"transformation" : 
			[
				0.99995654013496937,
				-0.005251337822934821,
				0.0077033299534034977,
				0.0,
				0.0052380847456914396,
				0.99998476800891167,
				0.0017396029314059767,
				0.0,
				-0.0077123478590208775,
				-0.0016991766333774236,
				0.99996881575840646,
				0.0,
				0.0092338427094562185,
				0.0069792229768471121,
				-0.00023898026395074838,
				1.0
			],
			"uncertain" : false,
			"version_major" : 1,
			"version_minor" : 0
		},
		{
			"class_name" : "PoseGraphEdge",
			"confidence" : 1.0,
			"information" : 
			[
				647807.38015982078,
				-8679.5864970996154,
				-15576.118129138635,
				0.0,
				-380785.31640988588,
				-11463.369921929087,
				-8679.5864970996154,
				673184.7059667561,
				35119.523894703823,
				380785.31640988588,
				0.0,
				-1141.0543710303027,
				-15576.118129138635,
				35119.523894703823,
				104795.73426018395,
				11463.369921929087,
				1141.0543710303027,
				0.0,
				0.0,
				380785.31640988588,
				11463.369921929087,
				250125.0,
				0.0,
				0.0,
				-380785.31640988588,
				0.0,
				1141.0543710303027,
				0.0,
				250125.0,
				0.0,
				-11463.369921929087,
				-1141.0543710303027,
				0.0,
				0.0,
				0.0,
				250125.0
			],
			"source_node_id" : 24,
			"target_node_id" : 25,
			"transformation" : 
			[
				0.9999606231748619,
				-0.0080057254987775557,
				0.0038288978806486113,
				0.0,
				0.0079987547416127489,
				0.99996633050102457,
				0.0018324265059577942,
				0.0,
				-0.0038434388671787284,
				-0.0018017279357416954,
				0.99999099083647736,
				0.0,
				0.0033035008541757345,
				0.008247170090581955,
				-0.0028886187096812252,
				1.0
			],
			"uncertain" : false,
			"version_major" : 1,
			"version_minor" : 0
		},
		{
			"class_name" : "PoseGraphEdge",
			"confidence" : 1.0,
			"information" : 
			[
				646518.4341452152,
				-8839.600153340376,
				-15155.00455704828,
				0.0,
				-380106.10334694386,
				-10061.832114968682,
				-8839.600153340376,
				672104.13093589759,
				32473.400914232279,
				380106.10334694386,
				0.0,
				-999.85227672045585,
				-15155.00455704828,
				32473.400914232279,
				103938.21782656817,
				10061.832114968682,
				999.85227672045585,
				0.0,
				0.0,
				380106.10334694386,
				10061.832114968682,
				249185.0,
				0.0,
				0.0,
				-380106.10334694386,
				0.0,
				999.85227672045585,
				0.0,
				249185.0,
				0.0,
				-10061.832114968682,
				-999.85227672045585,
				0.0,
				0.0,
				0.0,
				249185.0
			],
			"source_node_id" : 25,
			"target_node_id" : 26,
			"transformation" : 
			[
				0.9999158709265501,
				-0.010020090373635665,
				0.008237041829605744,
				0.0,
				0.01002924640320553,
				0.99994913228028448,
				-0.0010710128336976681,
				0.0,
				-0.0082258911846856946,
				0.0011535340525229434,
				0.99996550144162843,
				0.0,
				0.0056165800954589441,
				0.0064272639376345454,
				-0.0026869121477165643,
				1.0
			],
			"uncertain" : false,
			"version_major" : 1,
			"version_minor" : 0
		},
		{
			"class_name" : "PoseGraphEdge",
			"confidence" : 1.0,
			"information" : 
			[
				644487.47859584948,
				-8868.8096564568732,
				-14384.403602882772,
				0.0,
				-377769.37411093712,
				-8567.7801011353731,
				-8868.8096564568732,
				669868.52592587157,
				29590.353518227224,
				377769.37411093712,
				0.0,
				-717.82434372446733,
				-14384.403602882772,
				29590.353518227224,
				102880.42642108425,
				8567.7801011353731,
				717.82434372446733,
				0.0,
				0.0,
				377769.37411093712,
				8567.7801011353731,
				246171.0,
				0.0,
				0.0,
				-377769.37411093712,
				0.0,
				717.82434372446733,
				0.0,
				246171.0,
				0.0,
				-8567.7801011353731,
				-717.82434372446733,
				0.0,
				0.0,
				0.0,
				246171.0
			],
			"source_node_id" : 26,
			"target_node_id" : 27,
			"transformation" : 
			[
				0.99982508234952472,
				-0.012096978804882537,
				0.014264214263678311,
				0.0,
				0.012062465438313637,
				0.99992411273418924,
				0.0025031380892222856,
				0.0,
				-0.014293412199869907,
				-0.0023306386546285821,
				0.9998951277464786,
				0.0,
				0.01609054246429702,
				0.015629649260773718,
				-5.4433497942748116e-05,
				1.0
			],
			"uncertain" : false,
			"version_major" : 1,
			"version_minor" : 0
		},
		{
			"class_name" : "PoseGraphEdge",
			"confidence" : 1.0,
			"information" : 
			[
				659641.88693148782,
				-8975.1631989087746,
				-14148.5161040076,
				0.0,
				-385773.63361591101,
				-9810.4269713177346,
				-8975.1631989087746,
				686025.50352101529,
				31774.261757184231,
				385773.63361591101,
				0.0,
				-551.52159625646891,
				-14148.5161040076,
				31774.261757184231,
				106318.46214107935,
				9810.4269713177346,
				551.52159625646891,
				0.0,
				0.0,
				385773.63361591101,
				9810.4269713177346,
				250641.0,
				0.0,
				0.0,
				-385773.63361591101,
				0.0,
				551.52159625646891,
				0.0,
				250641.0,
				0.0,
				-9810.4269713177346,
				-551.52159625646891,
				0.0,
				0.0,
				0.0,
				250641.0
			],
			"source_node_id" : 27,
			"target_node_id" : 28,
			"transformation" : 
			[
				0.99994671566984838,
				-0.0089339217288593314,
				0.005172123705610418,
				0.0,
				0.0089224139118262592,
				0.99995767708438932,
				0.0022437847443030436,
				0.0,
				-0.005191950603537312,
				-0.0021975173572313135,
				0.99998410715690633,
				0.0,
				0.0059742076228921541,
				0.0095219707170523041,
				-0.0021879022400134347,
				1.0
			],
			"uncertain" : false,
			"version_major" : 1,
			"version_minor" : 0
		},
		{
			"class_name" : "PoseGraphEdge",
			"confidence" : 1.0,
			"information" : 
			[
				658013.14935221639,
				-8353.16207589037,
				-13356.678740016059,
				0.0,
				-383575.77521312237,
				-8432.2082281439798,
				-8353.16207589037,
				685061.24081817467,
				29063.679001924382,
				383575.77521312237,
				0.0,
				11.390166235738434,
				-13356.678740016059,
				29063.679001924382,
				105792.94226880283,
				8432.2082281439798,
				-11.390166235738434,
				0.0,
				0.0,
				383575.77521312237,
				8432.2082281439798,
				247571.0,
				0.0,
				0.0,
				-383575.77521312237,
				0.0,
				-11.390166235738434,
				0.0,
				247571.0,
				0.0,
				-8432.2082281439798,
				11.390166235738434,
				0.0,
				0.0,
				0.0,
				247571.0
			],
			"source_node_id" : 28,
			"target_node_id" : 29,
			"transformation" : 
			[
				0.99998915787045584,
				-0.0030543205829362237,
				0.0035150060189706673,
				0.0,
				0.0030428704976615244,
				0.9999900623650122,
				0.0032582373076797395,
				0.0,
				-0.0035249227893968142,
				-0.0032475062733345354,
				0.99998851424520507,
				0.0,
				0.00016948770969303365,
				0.018024836474994969,
				0.0030854224781180989,
				1.0
			],
			"uncertain" : false,
			"version_major" : 1,
			"version_minor" : 0
		},
		{
			"class_name" : "PoseGraphEdge",
			"confidence" : 1.0,
			"information" : 
			[
				672446.45100922184,
				-8285.3331919854209,
				-12678.004396733964,
				0.0,
				-390587.91742563248,
				-8997.5436540743103,
				-8285.3331919854209,
				700392.49989370187,
				30053.777538024824,
				390587.91742563248,
				0.0,
				303.41325740708271,
				-12678.004396733964,
				30053.777538024824,
				107616.715987762,
				8997.5436540743103,
				-303.41325740708271,
				0.0,
				0.0,
				390587.91742563248,
				8997.5436540743103,
				250589.0,
				0.0,
				0.0,
				-390587.91742563248,
				0.0,
				-303.41325740708271,
				0.0,
				250589.0,
				0.0,
				-8997.5436540743103,
				303.41325740708271,
				0.0,
				0.0,
				0.0,
				250589.0
			],
			"source_node_id" : 29,
			"target_node_id" : 30,
			"transformation" : 
			[
				0.99997339670307672,
				-0.000300459253993079,
				0.0072880457152374976,
				0.0,
				0.0003299892441604392,
				0.99999174031906068,
				-0.0040509752842742466,
				0.0,
				-0.0072867683652933692,
				0.0040532724916729039,
				0.99996523639019541,
				0.0,
				0.0048454558148217641,
				0.0074850335910676344,
				-0.00090104068583835278,
				1.0
			],
			"uncertain" : false,
			"version_major" : 1,
			"version_minor" : 0
		},
		{
			"class_name" : "PoseGraphEdge",
			"confidence" : 1.0,
			"information" : 
			[
				678591.3100447763,
				-7985.365704904807,
				-12490.445453530883,
				0.0,
				-392368.62062573433,
				-9028.3826020674314,
				-7985.365704904807,
				706155.98910951416,
				30061.910020553081,
				392368.62062573433,
				0.0,
				529.99336065829266,
				-12490.445453530883,
				30061.910020553081,
				108932.10556066202,
				9028.3826020674314,
				-529.99336065829266,
				0.0,
				0.0,
				392368.62062573433,
				9028.3826020674314,
				250464.0,
				0.0,
				0.0,
				-392368.62062573433,
				0.0,
				-529.99336065829266,
				0.0,
				250464.0,
				0.0,
				-9028.3826020674314,
				529.99336065829266,
				0.0,
				0.0,
				0.0,
				250464.0
			],
			"source_node_id" : 30,
			"target_node_id" : 31,
			"transformation" : 
			[
				0.99996388758538879,
				-0.0057077530200493141,
				0.0062964339571418846,
				0.0,
				0.0057154320962627897,
				0.99998294404295074,
				-0.0012022724929425712,
				0.0,
				-0.0062894642909822294,
				0.0012382159167104777,
				0.99997945451907999,
				0.0,
				0.0028183895599757972,
				0.0078319603609542498,
				-0.00044942699077995569,
				1.0
			],
			"uncertain" : false,
			"version_major" : 1,
			"version_minor" : 0
		},
		{
			"class_name" : "PoseGraphEdge",
			"confidence" : 1.0,
			"information" : 
			[
				684363.02436875901,
				-7857.4452931279793,
				-12465.486510186776,
				0.0,
				-394513.20143848658,
				-8991.7539367091376,
				-7857.4452931279793,
				712384.87618007953,
				29930.081916506861,
				394513.20143848658,
				0.0,
				590.64016918599373,
				-12465.486510186776,
				29930.081916506861,
				109981.47670320146,
				8991.7539367091376,
				-590.64016918599373,
				0.0,
				0.0,
				394513.20143848658,
				8991.7539367091376,
				250793.0,
				0.0,
