{
	"class_name" : "PoseGraph",
	"edges" : 
	[
		{
			"class_name" : "PoseGraphEdge",
			"confidence" : 1.0,
			"information" : 
			[
				552364.60790650197,
				758.41686051848058,
				-4610.481642391801,
				0.0,
				-346728.90853255987,
				-23528.381138536206,
				758.41686051848058,
				562907.77422656794,
				63968.229584806206,
				346728.90853255987,
				0.0,
				1589.257772230194,
				-4610.481642391801,
				63968.229584806206,
				81664.790078544436,
				23528.381138536206,
				-1589.257772230194,
				0.0,
				0.0,
				346728.90853255987,
				23528.381138536206,
				258816.0,
				0.0,
				0.0,
				-346728.90853255987,
				0.0,
				-1589.257772230194,
				0.0,
				258816.0,
				0.0,
				-23528.381138536206,
				1589.257772230194,
				0.0,
				0.0,
				0.0,
				258816.0
			],
			"source_node_id" : 0,
			"target_node_id" : 1,
			"transformation" : 
			[
				0.99999095705053964,
				-0.0017558396105738212,
				0.0038733505402694852,
				0.0,
				0.0017380704822513252,
				0.99998797314250343,
				0.004586140135926179,
				0.0,
				-0.0038813564825448048,
				-0.0045793665074512612,
				0.99998198207479971,
				0.0,
				0.0045567019468203103,
				-0.006807572514765322,
				-0.00016550063597781187,
				1.0
			],
			"uncertain" : false,
			"version_major" : 1,
			"version_minor" : 0
		},
		{
			"class_name" : "PoseGraphEdge",
			"confidence" : 1.0,
			"information" : 
			[
				540637.43851120688,
				1056.9911151779013,
				-5432.8174780725712,
				0.0,
				-342869.19086271524,
				-23809.859076765249,
				1056.9911151779013,
				550817.07273009978,
				63234.630770337288,
				342869.19086271524,
				0.0,
				1225.9224176194984,
				-5432.8174780725712,
				63234.630770337288,
				79990.937409943304,
				23809.859076765249,
				-1225.9224176194984,
				0.0,
				0.0,
				342869.19086271524,
				23809.859076765249,
				258792.0,
				0.0,
				0.0,
				-342869.19086271524,
				0.0,
				-1225.9224176194984,
				0.0,
				258792.0,
				0.0,
				-23809.859076765249,
				1225.9224176194984,
				0.0,
				0.0,
				0.0,
				258792.0
			],
			"source_node_id" : 1,
			"target_node_id" : 2,
			"transformation" : 
			[
				0.99999496924826925,
				-0.00277097713428164,
				0.0015437499388501266,
				0.0,
				0.0027635125792985727,
				0.99998458123012812,
				0.0048166689972771511,
				0.0,
				-0.0015570730157799413,
				-0.004812378593435954,
				0.99998720818613351,
				0.0,
				0.0042223379022540732,
				-0.0086245118456773299,
				-0.0004914141669201651,
				1.0
			],
			"uncertain" : false,
			"version_major" : 1,
			"version_minor" : 0
		},
		{
			"class_name" : "PoseGraphEdge",
			"confidence" : 1.0,
			"information" : 
			[
				518917.41137057764,
				665.65280562992496,
				-4688.3600358004087,
				0.0,
				-334979.81737399101,
				-22568.567480054102,
				665.65280562992496,
				528392.26389534504,
				59254.914098253117,
				334979.81737399101,
				0.0,
				1562.7602334518451,
				-4688.3600358004087,
				59254.914098253117,
				75797.159454196342,
				22568.567480054102,
				-1562.7602334518451,
				0.0,
				0.0,
				334979.81737399101,
				22568.567480054102,
				257185.0,
				0.0,
				0.0,
				-334979.81737399101,
				0.0,
				-1562.7602334518451,
				0.0,
				257185.0,
				0.0,
				-22568.567480054102,
				1562.7602334518451,
				0.0,
				0.0,
				0.0,
				257185.0
			],
			"source_node_id" : 2,
			"target_node_id" : 3,
			"transformation" : 
			[
				0.99999946970550446,
				-0.00094884612962814626,
				-0.0004003495122043668,
				0.0,
				0.000952061237946155,
				0.99996667250848348,
				0.0081084802342700768,
				0.0,
				0.00039264246947194278,
				-0.0081088570916398508,
				0.99996704559128224,
				0.0,
				0.00078707003298666154,
				-0.0065226280536597953,
				-3.5308503718650092e-05,
				1.0
			],
			"uncertain" : false,
			"version_major" : 1,
			"version_minor" : 0
		},
		{
			"class_name" : "PoseGraphEdge",
			"confidence" : 1.0,
			"information" : 
			[
				504380.68715668848,
				889.76352726614311,
				-5610.8294559522365,
				0.0,
				-330655.33263641596,
				-21501.191892918141,
				889.76352726614311,
				513431.65102316317,
				56175.524619625809,
				330655.33263641596,
				0.0,
				1109.4256621070672,
				-5610.8294559522365,
				56175.524619625809,
				73236.574774584442,
				21501.191892918141,
				-1109.4256621070672,
				0.0,
				0.0,
				330655.33263641596,
				21501.191892918141,
				257661.0,
				0.0,
				0.0,
				-330655.33263641596,
				0.0,
				-1109.4256621070672,
				0.0,
				257661.0,
				0.0,
				-21501.191892918141,
				1109.4256621070672,
				0.0,
				0.0,
				0.0,
				257661.0
			],
			"source_node_id" : 3,
			"target_node_id" : 4,
			"transformation" : 
			[
				0.99999492617358487,
				-0.001929648482298308,
				0.0025345776415498858,
				0.0,
				0.0019108339476627473,
				0.99997075908529642,
				0.0074047071515862591,
				0.0,
				-0.0025487920100981795,
				-0.0073998264243870498,
				0.9999693726450718,
				0.0,
				0.0042886943078694357,
				-0.0043659051748867837,
				-0.00013554843859654242,
				1.0
			],
			"uncertain" : false,
			"version_major" : 1,
			"version_minor" : 0
		},
		{
			"class_name" : "PoseGraphEdge",
			"confidence" : 1.0,
			"information" : 
			[
				496672.98453499231,
				816.93719657306337,
				-6651.2735343802897,
				0.0,
				-328390.39991861582,
				-21048.371816076979,
				816.93719657306337,
				504994.27987260011,
				54769.616091891519,
				328390.39991861582,
				0.0,
				483.6315136232879,
				-6651.2735343802897,
				54769.616091891519,
				71781.814948867759,
				21048.371816076979,
				-483.6315136232879,
				0.0,
				0.0,
				328390.39991861582,
				21048.371816076979,
				258197.0,
				0.0,
				0.0,
				-328390.39991861582,
				0.0,
				-483.6315136232879,
				0.0,
				258197.0,
				0.0,
				-21048.371816076979,
				483.6315136232879,
				0.0,
				0.0,
				0.0,
				258197.0
			],
			"source_node_id" : 4,
			"target_node_id" : 5,
			"transformation" : 
			[
				0.99999676498123991,
				0.0012488151036983311,
				-0.0022159620689196726,
				0.0,
				-0.0012428689622851826,
				0.99999562925887231,
				0.0026826740192906619,
				0.0,
				0.0022193025473567145,
				-0.0026799111903128242,
				0.99999394636778449,
				0.0,
				0.0037386648513381728,
				-0.0059955344933062147,
				2.1952482612527208e-05,
				1.0
			],
			"uncertain" : false,
			"version_major" : 1,
			"version_minor" : 0
		},
		{
			"class_name" : "PoseGraphEdge",
			"confidence" : 1.0,
			"information" : 
			[
				490329.34639825334,
				875.93874691705741,
				-7731.1790814330461,
				0.0,
				-326520.29174464941,
				-20692.494275304023,
				875.93874691705741,
				498711.75045556528,
				53560.426661737314,
				326520.29174464941,
				0.0,
				-44.550818906980567,
				-7731.1790814330461,
				53560.426661737314,
				70928.498223002083,
				20692.494275304023,
				44.550818906980567,
				0.0,
				0.0,
				326520.29174464941,
				20692.494275304023,
				258560.0,
				0.0,
				0.0,
				-326520.29174464941,
				0.0,
				44.550818906980567,
				0.0,
				258560.0,
				0.0,
				-20692.494275304023,
				-44.550818906980567,
				0.0,
				0.0,
				0.0,
				258560.0
			],
			"source_node_id" : 5,
			"target_node_id" : 6,
			"transformation" : 
			[
				0.99998483250300874,
				0.0044518668751524137,
				-0.0032427835660193962,
				0.0,
				-0.0044482253111427098,
				0.99998946890534368,
				0.0011293228017563357,
				0.0,
				0.0032477770107312027,
				-0.0011148810408192114,
				0.99999410447499815,
				0.0,
				0.0023663527087502776,
				-0.0060108889066648455,
				0.00039883992228816159,
				1.0
			],
			"uncertain" : false,
			"version_major" : 1,
			"version_minor" : 0
		},
		{
			"class_name" : "PoseGraphEdge",
			"confidence" : 1.0,
			"information" : 
			[
				484543.0191203815,
				893.66514850013709,
				-8493.6181445444126,
				0.0,
				-324582.41564589739,
				-20454.105505042011,
				893.66514850013709,
				492947.39977863006,
				52714.541778933723,
				324582.41564589739,
				0.0,
				-337.33205513475696,
				-8493.6181445444126,
				52714.541778933723,
				70334.54946782648,
				20454.105505042011,
				337.33205513475696,
				0.0,
				0.0,
				324582.41564589739,
				20454.105505042011,
				258640.0,
				0.0,
				0.0,
				-324582.41564589739,
				0.0,
				337.33205513475696,
				0.0,
				258640.0,
				0.0,
				-20454.105505042011,
				-337.33205513475696,
				0.0,
				0.0,
				0.0,
				258640.0
			],
			"source_node_id" : 6,
			"target_node_id" : 7,
			"transformation" : 
			[
				0.99999166942221562,
				0.0029680932228333097,
				-0.002802054387678961,
				0.0,
				-0.0029660358782254274,
				0.99999532891075982,
				0.00073809744066884804,
				0.0,
				0.0028042320410442989,
				-0.00072978029804411301,
				0.99999580184287573,
				0.0,
				0.0039904025579984934,
				-0.0053417333806002254,
				-3.893892260986909e-06,
				1.0
			],
			"uncertain" : false,
			"version_major" : 1,
			"version_minor" : 0
		},
		{
			"class_name" : "PoseGraphEdge",
			"confidence" : 1.0,
			"information" : 
			[
				478635.17779213242,
				782.24963820243806,
				-9323.121146657475,
				0.0,
				-322676.43853193521,
				-19670.668678621703,
				782.24963820243806,
				487168.24220556184,
				51115.686640440894,
				322676.43853193521,
				0.0,
				-744.25625857460545,
				-9323.121146657475,
				51115.686640440894,
				69678.407067107633,
				19670.668678621703,
				744.25625857460545,
				0.0,
				0.0,
				322676.43853193521,
				19670.668678621703,
				258728.0,
				0.0,
				0.0,
				-322676.43853193521,
				0.0,
				744.25625857460545,
				0.0,
				258728.0,
				0.0,
				-19670.668678621703,
				-744.25625857460545,
				0.0,
				0.0,
				0.0,
				258728.0
			],
			"source_node_id" : 7,
			"target_node_id" : 8,
			"transformation" : 
			[
				0.9999703753970236,
				0.0044449027242696301,
				-0.0062841998780783156,
				0.0,
				-0.0044503274223872315,
				0.99998973640811806,
				-0.00084950824380029095,
				0.0,
				0.0062803593981083121,
				0.00087744982450101757,
				0.99997989338167992,
				0.0,
				0.0015124870715453795,
				-0.0044794076511453316,
				-0.00017090493932872384,
				1.0
			],
			"uncertain" : false,
			"version_major" : 1,
			"version_minor" : 0
		},
		{
			"class_name" : "PoseGraphEdge",
			"confidence" : 1.0,
			"information" : 
			[
				475727.66617297265,
				681.28815535620697,
				-10375.418179210283,
				0.0,
				-321422.18311810493,
				-19876.606547774107,
				681.28815535620697,
				484262.47876806551,
				51052.841405865955,
				321422.18311810493,
				0.0,
				-1250.8445581521955,
				-10375.418179210283,
				51052.841405865955,
				69173.701085409819,
				19876.606547774107,
				1250.8445581521955,
				0.0,
				0.0,
				321422.18311810493,
				19876.606547774107,
				258399.0,
				0.0,
				0.0,
				-321422.18311810493,
				0.0,
				1250.8445581521955,
				0.0,
				258399.0,
				0.0,
				-19876.606547774107,
				-1250.8445581521955,
				0.0,
				0.0,
				0.0,
				258399.0
			],
			"source_node_id" : 8,
			"target_node_id" : 9,
			"transformation" : 
			[
				0.99992494886252159,
				0.010152494849160733,
				-0.0068573676160193289,
				0.0,
				-0.010172500103420447,
				0.99994408601729268,
				-0.0028887853308475339,
				0.0,
				0.0068276558150932552,
				0.0029583250970056682,
				0.99997231533112529,
				0.0,
				0.00044043075524611799,
				-0.0082255859699380957,
				0.00049975798756937413,
				1.0
			],
			"uncertain" : false,
			"version_major" : 1,
			"version_minor" : 0
		},
		{
			"class_name" : "PoseGraphEdge",
			"confidence" : 1.0,
			"information" : 
			[
				471934.387605328,
				674.51893592528018,
				-11022.823829588377,
				0.0,
				-319768.96101427078,
				-20252.71866644395,
				674.51893592528018,
				480505.77198099712,
				51251.202559469217,
				319768.96101427078,
				0.0,
				-1451.5566554037505,
				-11022.823829588377,
				51251.202559469217,
				68807.028871639559,
				20252.71866644395,
				1451.5566554037505,
				0.0,
				0.0,
				319768.96101427078,
				20252.71866644395,
				258060.0,
				0.0,
				0.0,
				-319768.96101427078,
				0.0,
				1451.5566554037505,
				0.0,
				258060.0,
				0.0,
				-20252.71866644395,
				-1451.5566554037505,
				0.0,
				0.0,
				0.0,
				258060.0
			],
			"source_node_id" : 9,
			"target_node_id" : 10,
			"transformation" : 
			[
				0.99997422611119124,
				0.005114581579568532,
				-0.0050386673426246762,
				0.0,
				-0.0051207242250459993,
				0.9999861606251873,
				-0.0012069554702918946,
				0.0,
				0.0050324245384030476,
				0.0012327259882791309,
				0.99998657745486963,
				0.0,
				0.0016744362628892493,
				-0.0079340181075018956,
				-0.0003484098550412766,
				1.0
			],
			"uncertain" : false,
			"version_major" : 1,
			"version_minor" : 0
		},
		{
			"class_name" : "PoseGraphEdge",
			"confidence" : 1.0,
			"information" : 
			[
				468583.97175780043,
				764.31411699405976,
				-12289.901005218819,
				0.0,
				-318183.77195900679,
				-20479.191814084188,
				764.31411699405976,
				476699.03304390126,
				51554.071939640904,
				318183.77195900679,
				0.0,
				-2094.6545946739498,
				-12289.901005218819,
				51554.071939640904,
				68458.692858376104,
				20479.191814084188,
				2094.6545946739498,
				0.0,
				0.0,
				318183.77195900679,
				20479.191814084188,
				257920.0,
				0.0,
				0.0,
				-318183.77195900679,
				0.0,
				2094.6545946739498,
				0.0,
				257920.0,
				0.0,
				-20479.191814084188,
				-2094.6545946739498,
				0.0,
				0.0,
				0.0,
				257920.0
			],
			"source_node_id" : 10,
			"target_node_id" : 11,
			"transformation" : 
			[
				0.99997022927092538,
				0.0026378436136976131,
				-0.0072513690378522618,
				0.0,
				-0.0026256430673605533,
				0.99999512236471966,
				0.0016915215792163479,
				0.0,
				0.0072557956377139734,
				-0.0016724317145425784,
				0.99997227781665265,
				0.0,
				0.001263948976145213,
				-0.0041090653077762275,
				-0.00097294141724709826,
				1.0
			],
			"uncertain" : false,
			"version_major" : 1,
			"version_minor" : 0
		},
		{
			"class_name" : "PoseGraphEdge",
			"confidence" : 1.0,
			"information" : 
			[
				464686.66822962224,
				659.70375129779336,
				-13709.888308507911,
				0.0,
				-316874.03949099779,
				-20101.335017912206,
				659.70375129779336,
				472771.65195218136,
				50641.694998348001,
				316874.03949099779,
				0.0,
				-2930.753705459123,
				-13709.888308507911,
				50641.694998348001,
				67854.271519194634,
				20101.335017912206,
				2930.753705459123,
				0.0,
				0.0,
				316874.03949099779,
				20101.335017912206,
				257995.0,
				0.0,
				0.0,
				-316874.03949099779,
				0.0,
				2930.753705459123,
				0.0,
				257995.0,
				0.0,
				-20101.335017912206,
				-2930.753705459123,
				0.0,
				0.0,
				0.0,
				257995.0
			],
			"source_node_id" : 11,
			"target_node_id" : 12,
			"transformation" : 
			[
				0.99990352725791276,
				0.0087358686301913322,
				-0.01079910998468145,
				0.0,
				-0.0087616615507702146,
				0.99995886996391847,
				-0.0023434306800932609,
				0.0,
				0.010778193914332877,
				0.0024378227496449794,
				0.99993894191404842,
				0.0,
				-0.0014182589700790986,
				-0.0065503663379874889,
				-0.00055849643571517142,
				1.0
			],
			"uncertain" : false,
			"version_major" : 1,
			"version_minor" : 0
		},
		{
			"class_name" : "PoseGraphEdge",
			"confidence" : 1.0,
			"information" : 
			[
				459626.31359216344,
				913.77037359780616,
				-15365.225658576606,
				0.0,
				-314440.02581632137,
				-20115.104373160924,
				913.77037359780616,
				467746.88977318967,
				50217.731662953935,
				314440.02581632137,
				0.0,
				-3693.3092099438072,
				-15365.225658576606,
				50217.731662953935,
				67227.923528561427,
				20115.104373160924,
				3693.3092099438072,
				0.0,
				0.0,
				314440.02581632137,
				20115.104373160924,
				257099.0,
				0.0,
				0.0,
				-314440.02581632137,
				0.0,
				3693.3092099438072,
				0.0,
				257099.0,
				0.0,
				-20115.104373160924,
				-3693.3092099438072,
				0.0,
				0.0,
				0.0,
				257099.0
			],
			"source_node_id" : 12,
			"target_node_id" : 13,
			"transformation" : 
			[
				0.99989224230006879,
				0.010978586223147306,
				-0.0097454826807348849,
				0.0,
				-0.010977280075017359,
				0.99993973026519145,
				0.00018750821913390245,
				0.0,
				0.0097469538982294327,
				-8.050912082683283e-05,
				0.99995249407558751,
				0.0,
				-0.0027443846980681544,
				-0.0054684647015236084,
				-0.00038940999804040657,
				1.0
			],
			"uncertain" : false,
			"version_major" : 1,
			"version_minor" : 0
		},
		{
			"class_name" : "PoseGraphEdge",
			"confidence" : 1.0,
			"information" : 
			[
				460769.8871989653,
				1156.6484242688693,
				-16023.151893382974,
				0.0,
				-315618.82431083918,
				-19865.882198106032,
				1156.6484242688693,
				468970.79169152078,
				50148.06650011587,
				315618.82431083918,
				0.0,
				-3662.3985536056571,
				-16023.151893382974,
				50148.06650011587,
				67632.826130348592,
				19865.882198106032,
				3662.3985536056571,
				0.0,
				0.0,
				315618.82431083918,
				19865.882198106032,
				258963.0,
				0.0,
				0.0,
				-315618.82431083918,
				0.0,
				3662.3985536056571,
				0.0,
				258963.0,
				0.0,
				-19865.882198106032,
				-3662.3985536056571,
				0.0,
				0.0,
				0.0,
				258963.0
			],
			"source_node_id" : 13,
			"target_node_id" : 14,
			"transformation" : 
			[
				0.99996877211715762,
				0.0056042956873892094,
				-0.0055719530106413933,
				0.0,
				-0.0056094973383618886,
				0.99998384495383252,
				-0.00091835230713194736,
				0.0,
				0.0055667162776089057,
				0.00094957948451636061,
				0.9999840548572192,
				0.0,
				-0.0026439660675179701,
				-0.002927536740842679,
				-0.0010756278569004555,
				1.0
			],
			"uncertain" : false,
			"version_major" : 1,
			"version_minor" : 0
		},
		{
			"class_name" : "PoseGraphEdge",
			"confidence" : 1.0,
			"information" : 
			[
				457209.30232637504,
				1196.7137874001485,
				-16625.481686709274,
				0.0,
				-313999.94226789474,
				-19653.949189034582,
				1196.7137874001485,
				465426.58751499845,
				49542.135082127119,
				313999.94226789474,
				0.0,
				-3974.6599742001272,
				-16625.481686709274,
				49542.135082127119,
				67083.478439339931,
				19653.949189034582,
				3974.6599742001272,
				0.0,
				0.0,
				313999.94226789474,
				19653.949189034582,
				258297.0,
				0.0,
				0.0,
				-313999.94226789474,
				0.0,
				3974.6599742001272,
				0.0,
				258297.0,
				0.0,
				-19653.949189034582,
				-3974.6599742001272,
				0.0,
				0.0,
				0.0,
				258297.0
			],
			"source_node_id" : 14,
			"target_node_id" : 15,
			"transformation" : 
			[
				0.99995585044420965,
				0.0052498923843034067,
				-0.0077933171596010374,
				0.0,
				-0.0052653744690405891,
				0.99998420246373343,
				-0.0019673979442435541,
				0.0,
				0.0077828654169062005,
				0.0020083458176995534,
				0.99996769625472293,
				0.0,
				-0.0036130099978309979,
				-0.0037230986641748724,
				-0.00092811577346242223,
				1.0
			],
			"uncertain" : false,
			"version_major" : 1,
			"version_minor" : 0
		},
		{
			"class_name" : "PoseGraphEdge",
			"confidence" : 1.0,
			"information" : 
			[
				455647.56073656649,
				1271.5984584218418,
				-16777.754863637056,
				0.0,
				-313319.69759696722,
				-19490.594771770237,
				1271.5984584218418,
				463993.14939579851,
				49188.779037904766,
				313319.69759696722,
				0.0,
				-3852.8174804606242,
				-16777.754863637056,
				49188.779037904766,
				66950.557808020589,
				19490.594771770237,
				3852.8174804606242,
				0.0,
				0.0,
				313319.69759696722,
				19490.594771770237,
				258165.0,
				0.0,
				0.0,
				-313319.69759696722,
				0.0,
				3852.8174804606242,
				0.0,
				258165.0,
				0.0,
				-19490.594771770237,
				-3852.8174804606242,
				0.0,
				0.0,
				0.0,
				258165.0
			],
			"source_node_id" : 15,
			"target_node_id" : 16,
			"transformation" : 
			[
				0.99995454736299227,
				0.0066827261334566936,
				-0.0068003220143236301,
				0.0,
				-0.0066883705138824547,
				0.9999773064727594,
				-0.00080761336957520431,
				0.0,
				0.0067947706320601615,
				0.0008530597346633823,
				0.99997655141565522,
				0.0,
				-0.0068519500243496767,
				-0.0014945074185545011,
				-0.00047097641910488368,
				1.0
			],
			"uncertain" : false,
			"version_major" : 1,
			"version_minor" : 0
		},
		{
			"class_name" : "PoseGraphEdge",
			"confidence" : 1.0,
			"information" : 
			[
				458060.06020328664,
				1410.3329385722113,
				-17174.330024538871,
				0.0,
				-313752.79035955667,
				-19558.41616490006,
				1410.3329385722113,
				466412.79987563682,
				49576.437306790933,
				313752.79035955667,
				0.0,
				-3995.3564422378549,
				-17174.330024538871,
				49576.437306790933,
				67174.206898233446,
				19558.41616490006,
				3995.3564422378549,
				0.0,
				0.0,
				313752.79035955667,
				19558.41616490006,
				257766.0,
				0.0,
				0.0,
				-313752.79035955667,
				0.0,
				3995.3564422378549,
				0.0,
				257766.0,
				0.0,
				-19558.41616490006,
				-3995.3564422378549,
				0.0,
				0.0,
				0.0,
				257766.0
			],
			"source_node_id" : 16,
			"target_node_id" : 17,
			"transformation" : 
			[
				0.99999009533101346,
				0.0037245572296391179,
				-0.0024365781978979597,
				0.0,
				-0.0037298360816413159,
				0.99999069929849471,
				-0.0021655575060200837,
				0.0,
				0.0024284897931462013,
				0.0021746240941680757,
				0.99999468670957159,
				0.0,
				-0.0040519557682975578,
				-0.00065747629093161392,
				-0.00075596392280555312,
				1.0
			],
			"uncertain" : false,
			"version_major" : 1,
			"version_minor" : 0
		},
		{
			"class_name" : "PoseGraphEdge",
			"confidence" : 1.0,
			"information" : 
			[
				459887.45914607006,
				1579.6138021068805,
				-18065.699692416652,
				0.0,
				-314173.68968313932,
				-19166.51383247663,
				1579.6138021068805,
				468556.2952747916,
				49245.642868138224,
				314173.68968313932,
				0.0,
				-4440.5396256211097,
				-18065.699692416652,
				49245.642868138224,
				67253.02797544717,
				19166.51383247663,
				4440.5396256211097,
				0.0,
				0.0,
				314173.68968313932,
				19166.51383247663,
				257436.0,
				0.0,
				0.0,
				-314173.68968313932,
				0.0,
				4440.5396256211097,
				0.0,
				257436.0,
				0.0,
				-19166.51383247663,
				-4440.5396256211097,
				0.0,
				0.0,
				0.0,
				257436.0
			],
			"source_node_id" : 17,
			"target_node_id" : 18,
			"transformation" : 
			[
				0.9999849620618515,
				0.0036669899765809514,
				-0.0040778468176192861,
				0.0,
				-0.0036831365387172432,
				0.99998537973030255,
				-0.0039591452208322673,
				0.0,
				0.0040632690525584051,
				0.00397410495006458,
				0.99998384803678286,
				0.0,
				-0.0026946001103127625,
				-0.0006303604319491254,
				0.00011264762026799642,
				1.0
			],
			"uncertain" : false,
			"version_major" : 1,
			"version_minor" : 0
		},
		{
			"class_name" : "PoseGraphEdge",
			"confidence" : 1.0,
			"information" : 
			[
				464453.81333550339,
				1694.3324995412427,
				-18622.961860577791,
				0.0,
				-315775.46055924892,
				-19282.318343240593,
				1694.3324995412427,
				473411.27319796954,
				49746.180948737645,
				315775.46055924892,
				0.0,
				-4378.374854874739,
				-18622.961860577791,
				49746.180948737645,
				67906.528892762915,
				19282.318343240593,
				4378.374854874739,
				0.0,
				0.0,
				315775.46055924892,
				19282.318343240593,
				257540.0,
				0.0,
				0.0,
				-315775.46055924892,
				0.0,
				4378.374854874739,
				0.0,
				257540.0,
				0.0,
				-19282.318343240593,
				-4378.374854874739,
				0.0,
				0.0,
				0.0,
				257540.0
			],
			"source_node_id" : 18,
			"target_node_id" : 19,
			"transformation" : 
			[
				0.99991933378013009,
				0.0090955748410745524,
				-0.0088654639478790726,
				0.0,
				-0.0091252910874403993,
				0.99995286137032025,
				-0.0033172428127472252,
				0.0,
				0.0088348738117877256,
				0.003397875162458733,
				0.99995519872097793,
				0.0,
				-0.0084088952870538022,
				0.00088368540901219135,
				0.00080805513760484724,
				1.0
			],
			"uncertain" : false,
			"version_major" : 1,
			"version_minor" : 0
		},
		{
			"class_name" : "PoseGraphEdge",
			"confidence" : 1.0,
			"information" : 
			[
				466546.44486773247,
				1836.5306963025994,
				-19131.179377307191,
				0.0,
				-315515.87314927578,
				-18574.132210853917,
				1836.5306963025994,
				476172.81901919772,
				48924.729232916026,
				315515.87314927578,
				0.0,
				-4464.2233849947806,
				-19131.179377307191,
				48924.729232916026,
				67734.4778894419,
				18574.132210853917,
				4464.2233849947806,
				0.0,
				0.0,
				315515.87314927578,
				18574.132210853917,
				255537.0,
				0.0,
				0.0,
				-315515.87314927578,
				0.0,
				4464.2233849947806,
				0.0,
				255537.0,
				0.0,
				-18574.132210853917,
				-4464.2233849947806,
				0.0,
				0.0,
				0.0,
				255537.0
			],
			"source_node_id" : 19,
			"target_node_id" : 20,
			"transformation" : 
			[
				0.99986542356369046,
				0.011324353870437653,
				-0.011869868205629453,
				0.0,
				-0.01141366578144681,
				0.9999068567986803,
				-0.0074837130098299861,
				0.0,
				0.011784014393717429,
				0.007618184586971638,
				0.9999015452875184,
				0.0,
				-0.012249916702563932,
				0.00013576660458650722,
				0.0013377434578150684,
				1.0
			],
			"uncertain" : false,
			"version_major" : 1,
			"version_minor" : 0
		},
		{
			"class_name" : "PoseGraphEdge",
			"confidence" : 1.0,
			"information" : 
			[
				476571.64763825363,
				2105.1371469207475,
				-19942.580144898453,
				0.0,
				-319236.52336406708,
				-19705.297906470892,
				2105.1371469207475,
				486125.67640546383,
				51422.182356439189,
				319236.52336406708,
				0.0,
				-4610.9258472344954,
				-19942.580144898453,
				51422.182356439189,
				69930.59617338494,
				19705.297906470892,
				4610.9258472344954,
				0.0,
				0.0,
				319236.52336406708,
				19705.297906470892,
				256455.0,
				0.0,
				0.0,
				-319236.52336406708,
				0.0,
				4610.9258472344954,
				0.0,
				256455.0,
				0.0,
				-19705.297906470892,
				-4610.9258472344954,
				0.0,
				0.0,
				0.0,
				256455.0
			],
			"source_node_id" : 20,
			"target_node_id" : 21,
			"transformation" : 
			[
				0.99994158760531071,
				0.0076182088377228941,
				-0.0076670901570613263,
				0.0,
				-0.0076391710910541765,
				0.99996715302371741,
				-0.0027084938032581832,
				0.0,
				0.0076462044449038848,
				0.0027669058071294614,
				0.99996693934841685,
				0.0,
				-0.0085057368933138169,
				0.0024220003029943936,
				0.00059156414498368266,
				1.0
			],
			"uncertain" : false,
			"version_major" : 1,
			"version_minor" : 0
		},
		{
			"class_name" : "PoseGraphEdge",
			"confidence" : 1.0,
			"information" : 
			[
				482680.89310549223,
				2256.9658987482267,
				-20508.970178889351,
				0.0,
				-321871.4422019124,
				-19937.311539349554,
				2256.9658987482267,
				492740.4564136542,
				52213.977134295907,
				321871.4422019124,
				0.0,
				-4709.5204218161525,
				-20508.970178889351,
				52213.977134295907,
				71187.624308265949,
				19937.311539349554,
				4709.5204218161525,
				0.0,
				0.0,
				321871.4422019124,
				19937.311539349554,
				257336.0,
				0.0,
				0.0,
				-321871.4422019124,
				0.0,
				4709.5204218161525,
				0.0,
				257336.0,
				0.0,
				-19937.311539349554,
				-4709.5204218161525,
				0.0,
				0.0,
				0.0,
				257336.0
			],
			"source_node_id" : 21,
			"target_node_id" : 22,
			"transformation" : 
			[
				0.99995573744995869,
				0.0073036581991676426,
				-0.0059312492628967048,
				0.0,
				-0.0073286432126128224,
				0.99996431778023198,
				-0.0042016847784688447,
				0.0,
				0.005900349953274423,
				0.0042449668108389196,
				0.99997358271466508,
				0.0,
				-0.0053160251382408678,
				0.00050561348546093005,
				0.00081016036084093914,
				1.0
			],
			"uncertain" : false,
			"version_major" : 1,
			"version_minor" : 0
		},
		{
			"class_name" : "PoseGraphEdge",
			"confidence" : 1.0,
			"information" : 
			[
				484603.92918106791,
				2482.306838931373,
				-21330.718829275454,
				0.0,
				-321860.72993946075,
				-20020.694187308021,
				2482.306838931373,
				494560.17444194295,
				52684.266136648141,
				321860.72993946075,
				0.0,
				-5140.8520281600649,
				-21330.718829275454,
				52684.266136648141,
				71721.686558309753,
				20020.694187308021,
				5140.8520281600649,
				0.0,
				0.0,
				321860.72993946075,
				20020.694187308021,
				256354.0,
				0.0,
				0.0,
				-321860.72993946075,
				0.0,
				5140.8520281600649,
				0.0,
				256354.0,
				0.0,
				-20020.694187308021,
				-5140.8520281600649,
				0.0,
				0.0,
				0.0,
				256354.0
			],
			"source_node_id" : 22,
			"target_node_id" : 23,
			"transformation" : 
			[
				0.99993525939119243,
				0.0059971690579468193,
				-0.0096701080428102798,
				0.0,
				-0.0060209628904684866,
				0.9999789132511544,
				-0.0024333226073657748,
				0.0,
				0.0096553110846217833,
				0.0024913884342513308,
				0.99995028273986097,
				0.0,
				-0.007836109229394473,
				0.0011326938710771476,
				0.00056293128380676316,
				1.0
			],
			"uncertain" : false,
			"version_major" : 1,
			"version_minor" : 0
		},
		{
			"class_name" : "PoseGraphEdge",
			"confidence" : 1.0,
			"information" : 
			[
				486894.40523448715,
				2553.3463214039607,
				-21721.40015383928,
				0.0,
				-322252.70252299309,
				-20094.548843814409,
				2553.3463214039607,
				497015.84533150966,
				52980.056403635848,
				322252.70252299309,
				0.0,
				-5098.4023989429115,
				-21721.40015383928,
				52980.056403635848,
				72188.584042264949,
				20094.548843814409,
				5098.4023989429115,
				0.0,
				0.0,
				322252.70252299309,
				20094.548843814409,
				255661.0,
				0.0,
				0.0,
				-322252.70252299309,
				0.0,
				5098.4023989429115,
				0.0,
				255661.0,
				0.0,
				-20094.548843814409,
				-5098.4023989429115,
				0.0,
				0.0,
				0.0,
				255661.0
			],
			"source_node_id" : 23,
			"target_node_id" : 24,
			"transformation" : 
			[
				0.99990207561674449,
				0.0097984001524149475,
				-0.0099915229959942099,
				0.0,
				-0.0098141641527501964,
				0.99995066953390865,
				-0.0015299283218395898,
				0.0,
				0.0099760392596059521,
				0.0016278369513709134,
				0.99994891308883871,
				0.0,
				-0.0086321122558623373,
				0.003027478360895616,
				0.00078812592345247495,
				1.0
			],
			"uncertain" : false,
			"version_major" : 1,
			"version_minor" : 0
		},
		{
			"class_name" : "PoseGraphEdge",
			"confidence" : 1.0,
			"information" : 
			[
				493490.21873943519,
				2901.3410034713729,
				-22738.474723297761,
				0.0,
				-324790.46695590019,
				-20105.160107686184,
				2901.3410034713729,
				504151.50529057533,
				53513.171911492005,
				324790.46695590019,
				0.0,
				-5288.3808819769765,
				-22738.474723297761,
				53513.171911492005,
				73080.776201439367,
				20105.160107686184,
				5288.3808819769765,
				0.0,
				0.0,
				324790.46695590019,
				20105.160107686184,
				256144.0,
				0.0,
				0.0,
				-324790.46695590019,
				0.0,
				5288.3808819769765,
				0.0,
				256144.0,
				0.0,
				-20105.160107686184,
				-5288.3808819769765,
				0.0,
				0.0,
				0.0,
				256144.0
			],
			"source_node_id" : 24,
			"target_node_id" : 25,
			"transformation" : 
			[
				0.9999303508983749,
				0.0087564873810719243,
				-0.0079131081755853833,
				0.0,
				-0.0087862221120675529,
				0.99995444091783814,
				-0.0037307358109888965,
				0.0,
				0.0078800795205888254,
				0.0038000022946187697,
				0.99996173143241307,
				0.0,
				-0.0085964804854261733,
				0.001428903000893977,
				0.0014680524452076408,
				1.0
			],
			"uncertain" : false,
			"version_major" : 1,
			"version_minor" : 0
		},
		{
			"class_name" : "PoseGraphEdge",
			"confidence" : 1.0,
			"information" : 
			[
				498166.16309605166,
				3009.5762032631096,
				-22854.792419116908,
				0.0,
				-326750.45677363873,
				-20109.977261916385,
				3009.5762032631096,
				508817.24612901377,
				54050.235982136051,
				326750.45677363873,
				0.0,
				-5252.7116546701873,
				-22854.792419116908,
				54050.235982136051,
				74120.745540798016,
				20109.977261916385,
				5252.7116546701873,
				0.0,
				0.0,
				326750.45677363873,
				20109.977261916385,
				256848.0,
				0.0,
				0.0,
				-326750.45677363873,
				0.0,
				5252.7116546701873,
				0.0,
				256848.0,
				0.0,
				-20109.977261916385,
				-5252.7116546701873,
				0.0,
				0.0,
				0.0,
				256848.0
			],
			"source_node_id" : 25,
			"target_node_id" : 26,
			"transformation" : 
			[
				0.99995380519669363,
				0.0054158967767074994,
				-0.0079407515234925109,
				0.0,
				-0.0054380221577812471,
				0.99998138461791808,
				-0.002767369263802361,
				0.0,
				0.0079256159170930911,
				0.0028104234084577323,
				0.99996464244122141,
				0.0,
				-0.0080424719394219073,
				0.00083096548491499252,
				0.001262092101606321,
				1.0
			],
			"uncertain" : false,
			"version_major" : 1,
			"version_minor" : 0
		},
		{
			"class_name" : "PoseGraphEdge",
			"confidence" : 1.0,
			"information" : 
			[
				500051.99191919545,
				2921.2918438245688,
				-22513.408673306691,
				0.0,
				-327140.66585028172,
				-20154.741648326511,
				2921.2918438245688,
				510696.61965882272,
				54324.450305601757,
				327140.66585028172,
				0.0,
				-4994.2994533063611,
				-22513.408673306691,
				54324.450305601757,
				74785.034504876807,
				20154.741648326511,
				4994.2994533063611,
				0.0,
				0.0,
				327140.66585028172,
				20154.741648326511,
				256375.0,
				0.0,
				0.0,
				-327140.66585028172,
				0.0,
				4994.2994533063611,
				0.0,
				256375.0,
				0.0,
				-20154.741648326511,
				-4994.2994533063611,
				0.0,
				0.0,
				0.0,
				256375.0
			],
			"source_node_id" : 26,
			"target_node_id" : 27,
			"transformation" : 
			[
				0.99994326714876203,
				0.0046823554736661818,
				-0.009567550944657683,
				0.0,
				-0.0046955836308018636,
				0.99998805004432711,
				-0.0013606112268156152,
				0.0,
				0.0095610657474225758,
				0.0014054592710638874,
				0.99995330426275986,
				0.0,
				-0.0092791564688824626,
				0.0019305702682219121,
				0.001346603716632182,
				1.0
			],
			"uncertain" : false,
			"version_major" : 1,
			"version_minor" : 0
		},
		{
			"class_name" : "PoseGraphEdge",
			"confidence" : 1.0,
			"information" : 
			[
				495230.92502070451,
				3026.5231581192438,
				-21311.421770816803,
				0.0,
				-323266.30136799812,
				-18568.350245163776,
				3026.5231581192438,
				506730.22140524234,
				51678.784589355229,
				323266.30136799812,
				0.0,
				-4004.4851286692428,
				-21311.421770816803,
				51678.784589355229,
				73489.389291152227,
				18568.350245163776,
				4004.4851286692428,
				0.0,
				0.0,
				323266.30136799812,
				18568.350245163776,
				251711.0,
				0.0,
				0.0,
				-323266.30136799812,
				0.0,
				4004.4851286692428,
				0.0,
				251711.0,
				0.0,
				-18568.350245163776,
				-4004.4851286692428,
				0.0,
				0.0,
				0.0,
				251711.0
			],
			"source_node_id" : 27,
			"target_node_id" : 28,
			"transformation" : 
			[
				0.99958285367840716,
				0.012488842179572669,
				-0.026041264430628996,
				0.0,
				-0.012608696428685964,
				0.9999106346812493,
				-0.0044433574816780085,
				0.0,
				0.025983444854396395,
				0.0047698503492739448,
				0.99965099365785848,
				0.0,
				-0.030588791319626305,
				0.0047416556113139413,
				0.0048136702818835165,
				1.0
			],
			"uncertain" : false,
			"version_major" : 1,
			"version_minor" : 0
		},
		{
			"class_name" : "PoseGraphEdge",
			"confidence" : 1.0,
			"information" : 
			[
				511034.99847818603,
				3405.901233160444,
				-22284.823497127607,
				0.0,
				-329626.50110369921,
				-20617.585232620302,
				3405.901233160444,
				521879.56829337159,
				56182.832987484013,
				329626.50110369921,
				0.0,
				-4456.7977117796545,
				-22284.823497127607,
				56182.832987484013,
				76779.329922244229,
				20617.585232620302,
				4456.7977117796545,
				0.0,
				0.0,
				329626.50110369921,
				20617.585232620302,
				254441.0,
				0.0,
				0.0,
				-329626.50110369921,
				0.0,
				4456.7977117796545,
				0.0,
				254441.0,
				0.0,
				-20617.585232620302,
				-4456.7977117796545,
				0.0,
				0.0,
				0.0,
				254441.0
			],
			"source_node_id" : 28,
			"target_node_id" : 29,
			"transformation" : 
			[
				0.99994937319064447,
				0.0046373100192661984,
				-0.0089300846256811905,
				0.0,
				-0.0046420602408847557,
				0.99998909487495313,
				-0.00051128063806236621,
				0.0,
				0.0089276162751661305,
				0.00055270874434358585,
				0.99995999529015522,
				0.0,
				-0.011474098944691561,
				0.0021718619874614444,
				0.0017006936612284954,
				1.0
			],
			"uncertain" : false,
			"version_major" : 1,
			"version_minor" : 0
		},
		{
			"class_name" : "PoseGraphEdge",
			"confidence" : 1.0,
			"information" : 
			[
				513808.51968002343,
				3394.1819270970327,
				-21571.75710092497,
				0.0,
				-330499.49803459644,
				-20675.294952567143,
				3394.1819270970327,
				524864.06911158317,
				56517.105476838718,
				330499.49803459644,
				0.0,
				-3880.7104328598944,
				-21571.75710092497,
				56517.105476838718,
				77443.000965925778,
				20675.294952567143,
				3880.7104328598944,
				0.0,
				0.0,
				330499.49803459644,
				20675.294952567143,
				254363.0,
				0.0,
				0.0,
				-330499.49803459644,
				0.0,
				3880.7104328598944,
				0.0,
				254363.0,
				0.0,
				-20675.294952567143,
				-3880.7104328598944,
				0.0,
				0.0,
				0.0,
				254363.0
			],
			"source_node_id" : 29,
			"target_node_id" : 30,
			"transformation" : 
			[
				0.99997042502234612,
				0.0054183347643604026,
				-0.0054580884025439945,
				0.0,
				-0.0054209737930309108,
				0.99998519651136941,
				-0.00046882966344039071,
				0.0,
				0.0054554673277303987,
				0.00049840395200380805,
				0.99998499462228763,
				0.0,
				-0.0085696292777017371,
				0.002575970562703677,
				0.0014706819595554693,
				1.0
			],
			"uncertain" : false,
			"version_major" : 1,
			"version_minor" : 0
		},
		{
			"class_name" : "PoseGraphEdge",
			"confidence" : 1.0,
			"information" : 
			[
				514372.14617741865,
				3616.1676298673751,
				-21586.799767508281,
				0.0,
				-330069.37243998051,
				-20484.857406558411,
				3616.1676298673751,
				525333.42526312615,
				56453.985313274323,
				330069.37243998051,
				0.0,
				-3925.4378789832117,
				-21586.799767508281,
				56453.985313274323,
				77431.658107682306,
				20484.857406558411,
				3925.4378789832117,
				0.0,
				0.0,
				330069.37243998051,
				20484.857406558411,
				253391.0,
				0.0,
				0.0,
				-330069.37243998051,
				0.0,
				3925.4378789832117,
				0.0,
				253391.0,
				0.0,
				-20484.857406558411,
				-3925.4378789832117,
				0.0,
				0.0,
				0.0,
				253391.0
			],
			"source_node_id" : 30,
			"target_node_id" : 31,
			"transformation" : 
			[
				0.99996480008205868,
				0.0040827171046589261,
				-0.0073300762541654348,
				0.0,
				-0.0040878720111841276,
				0.99999140766050199,
				-0.0006884094629200961,
				0.0,
				0.0073272026905724322,
				0.00071834964452274048,
				0.99997289766999142,
				0.0,
				-0.0094403771171249484,
				0.0025434435249570429,
				0.0013541627527804405,
				1.0
			],
			"uncertain" : false,
			"version_major" : 1,
			"version_minor" : 0
		},
		{
			"class_name" : "PoseGraphEdge",
			"confidence" : 1.0,
			"information" : 
			[
				518147.78308983683,
				3603.0080765606285,
				-21328.825343916553,
				0.0,
				-331306.19559150934,
				-20440.362953828182,
				3603.0080765606285,
				529379.65121542942,
				56626.132689999067,
				331306.19559150934,
				0.0,
				-3611.5816080869408,
				-21328.825343916553,
				56626.132689999067,
				77932.21743201575,
				20440.362953828182,
				3611.5816080869408,
				0.0,
				0.0,
				331306.19559150934,
				20440.362953828182,
				253220.0,
				0.0,
