{
	"class_name" : "PoseGraph",
	"edges" : 
	[
		{
			"class_name" : "PoseGraphEdge",
			"confidence" : 1.0,
			"information" : 
			[
				684665.2605567124,
				-1180.7654925395366,
				75573.188663833222,
				0.0,
				-368696.06895631552,
				-32304.665139952267,
				-1180.7654925395366,
				712544.73937486042,
				103305.4272532836,
				368696.06895631552,
				0.0,
				30897.499812339782,
				75573.188663833222,
				103305.4272532836,
				127085.8381179055,
				32304.665139952267,
				-30897.499812339782,
				0.0,
				0.0,
				368696.06895631552,
				32304.665139952267,
				260422.0,
				0.0,
				0.0,
				-368696.06895631552,
				0.0,
				-30897.499812339782,
				0.0,
				260422.0,
				0.0,
				-32304.665139952267,
				30897.499812339782,
				0.0,
				0.0,
				0.0,
				260422.0
			],
			"source_node_id" : 0,
			"target_node_id" : 1,
			"transformation" : 
			[
				0.9999958194262355,
				-0.0028448077816962181,
				-0.00051787907607280534,
				0.0,
				0.0028457569318815728,
				0.99999425553751053,
				0.001841347187474572,
				0.0,
				0.00051263782232814582,
				-0.0018428132475574379,
				0.99999817061922525,
				0.0,
				-0.0035117383437787042,
				-0.0044264966611160294,
				0.0065716384855623909,
				1.0
			],
			"uncertain" : false,
			"version_major" : 1,
			"version_minor" : 0
		},
		{
			"class_name" : "PoseGraphEdge",
			"confidence" : 1.0,
			"information" : 
			[
				682790.29247487022,
				-1469.1394428763833,
				76502.984641763105,
				0.0,
				-368337.25307554007,
				-31725.991133763164,
				-1469.1394428763833,
				709894.77170959103,
				102041.90710527966,
				368337.25307554007,
				0.0,
				30805.031409521704,
				76502.984641763105,
				102041.90710527966,
				126022.67436693088,
				31725.991133763164,
				-30805.031409521704,
				0.0,
				0.0,
				368337.25307554007,
				31725.991133763164,
				260651.0,
				0.0,
				0.0,
				-368337.25307554007,
				0.0,
				-30805.031409521704,
				0.0,
				260651.0,
				0.0,
				-31725.991133763164,
				30805.031409521704,
				0.0,
				0.0,
				0.0,
				260651.0
			],
			"source_node_id" : 1,
			"target_node_id" : 2,
			"transformation" : 
			[
				0.99997898749629766,
				-0.0041217891545181741,
				-0.005003540750806946,
				0.0,
				0.0041347127651365449,
				0.99998813591320423,
				0.0025753025421620373,
				0.0,
				0.0049928665342773093,
				-0.0025959366324210778,
				0.99998416607302942,
				0.0,
				-0.0067319337397787078,
				-0.0019499540635942449,
				0.0071649519624616157,
				1.0
			],
			"uncertain" : false,
			"version_major" : 1,
			"version_minor" : 0
		},
		{
			"class_name" : "PoseGraphEdge",
			"confidence" : 1.0,
			"information" : 
			[
				688973.72803138127,
				-1097.5586525976337,
				76134.902105687419,
				0.0,
				-370692.82028996944,
				-30786.444117826701,
				-1097.5586525976337,
				716872.00539967965,
				101123.98027169613,
				370692.82028996944,
				0.0,
				30268.875082951796,
				76134.902105687419,
				101123.98027169613,
				126458.38128860254,
				30786.444117826701,
				-30268.875082951796,
				0.0,
				0.0,
				370692.82028996944,
				30786.444117826701,
				261454.0,
				0.0,
				0.0,
				-370692.82028996944,
				0.0,
				-30268.875082951796,
				0.0,
				261454.0,
				0.0,
				-30786.444117826701,
				30268.875082951796,
				0.0,
				0.0,
				0.0,
				261454.0
			],
			"source_node_id" : 2,
			"target_node_id" : 3,
			"transformation" : 
			[
				0.99999218288970748,
				0.0016818888540710689,
				-0.003578464665417334,
				0.0,
				-0.0016903762752128084,
				0.99999576260810463,
				-0.0023701041924833349,
				0.0,
				0.0035744632502358441,
				0.0023761346168895622,
				0.99999078855595258,
				0.0,
				-0.0036194910875252963,
				-0.0027866328291827483,
				0.0084414362251321075,
				1.0
			],
			"uncertain" : false,
			"version_major" : 1,
			"version_minor" : 0
		},
		{
			"class_name" : "PoseGraphEdge",
			"confidence" : 1.0,
			"information" : 
			[
				696185.49156533601,
				-1382.0528562219329,
				75868.748613982068,
				0.0,
				-372103.65543091297,
				-30975.145768749178,
				-1382.0528562219329,
				723075.4731970221,
				102140.96215780005,
				372103.65543091297,
				0.0,
				29432.489986154484,
				75868.748613982068,
				102140.96215780005,
				125681.89883413201,
				30975.145768749178,
				-29432.489986154484,
				0.0,
				0.0,
				372103.65543091297,
				30975.145768749178,
				260675.0,
				0.0,
				0.0,
				-372103.65543091297,
				0.0,
				-29432.489986154484,
				0.0,
				260675.0,
				0.0,
				-30975.145768749178,
				29432.489986154484,
				0.0,
				0.0,
				0.0,
				260675.0
			],
			"source_node_id" : 3,
			"target_node_id" : 4,
			"transformation" : 
			[
				0.99995533237375001,
				0.0050357293402758952,
				-0.0079984178006981179,
				0.0,
				-0.0050672792642010725,
				0.9999794419593121,
				-0.0039291652550119934,
				0.0,
				0.0079784671561420814,
				0.003969519965194802,
				0.99996029269820752,
				0.0,
				-0.0026611944192114095,
				-0.0067986813879668947,
				0.0086406080050267942,
				1.0
			],
			"uncertain" : false,
			"version_major" : 1,
			"version_minor" : 0
		},
		{
			"class_name" : "PoseGraphEdge",
			"confidence" : 1.0,
			"information" : 
			[
				699982.04282277077,
				-2026.7916957853495,
				77164.311348888266,
				0.0,
				-371944.75359457731,
				-32074.47030775412,
				-2026.7916957853495,
				725615.17504866223,
				104247.33716856675,
				371944.75359457731,
				0.0,
				29648.781451172719,
				77164.311348888266,
				104247.33716856675,
				125425.02580232327,
				32074.47030775412,
				-29648.781451172719,
				0.0,
				0.0,
				371944.75359457731,
				32074.47030775412,
				259021.0,
				0.0,
				0.0,
				-371944.75359457731,
				0.0,
				-29648.781451172719,
				0.0,
				259021.0,
				0.0,
				-32074.47030775412,
				29648.781451172719,
				0.0,
				0.0,
				0.0,
				259021.0
			],
			"source_node_id" : 4,
			"target_node_id" : 5,
			"transformation" : 
			[
				0.99991140704865156,
				0.0070597725041248718,
				-0.01128439923857053,
				0.0,
				-0.0070466815595131502,
				0.9999744524944093,
				0.0011994321598007964,
				0.0,
				0.011292578668500218,
				-0.0011198083305411998,
				0.99993560977510865,
				0.0,
				-0.0047543524800001307,
				-0.0069725178847837325,
				0.0076545761450760846,
				1.0
			],
			"uncertain" : false,
			"version_major" : 1,
			"version_minor" : 0
		},
		{
			"class_name" : "PoseGraphEdge",
			"confidence" : 1.0,
			"information" : 
			[
				702198.52065103862,
				-2605.1735690547021,
				80315.729767091863,
				0.0,
				-373090.7079257369,
				-31733.800535026181,
				-2605.1735690547021,
				728439.33955214371,
				103750.06169339547,
				373090.7079257369,
				0.0,
				31040.247735473618,
				80315.729767091863,
				103750.06169339547,
				126121.00138216978,
				31733.800535026181,
				-31040.247735473618,
				0.0,
				0.0,
				373090.7079257369,
				31733.800535026181,
				259452.0,
				0.0,
				0.0,
				-373090.7079257369,
				0.0,
				-31040.247735473618,
				0.0,
				259452.0,
				0.0,
				-31733.800535026181,
				31040.247735473618,
				0.0,
				0.0,
				0.0,
				259452.0
			],
			"source_node_id" : 5,
			"target_node_id" : 6,
			"transformation" : 
			[
				0.99993325428344615,
				0.0071918891201709972,
				-0.0090423287376574426,
				0.0,
				-0.0071660424762804908,
				0.9999701544600188,
				0.0028875637541714758,
				0.0,
				0.0090628259028210124,
				-0.0028225733098410605,
				0.9999549481184471,
				0.0,
				-0.0070253724268302467,
				-0.0038569989230379893,
				0.0081400366052891502,
				1.0
			],
			"uncertain" : false,
			"version_major" : 1,
			"version_minor" : 0
		},
		{
			"class_name" : "PoseGraphEdge",
			"confidence" : 1.0,
			"information" : 
			[
				708127.70788358408,
				-2921.6371069659522,
				81811.992288157096,
				0.0,
				-375457.80038750172,
				-32146.917278417328,
				-2921.6371069659522,
				734646.90500084916,
				104768.91554980402,
				375457.80038750172,
				0.0,
				31465.083663405909,
				81811.992288157096,
				104768.91554980402,
				127149.02375411273,
				32146.917278417328,
				-31465.083663405909,
				0.0,
				0.0,
				375457.80038750172,
				32146.917278417328,
				260358.0,
				0.0,
				0.0,
				-375457.80038750172,
				0.0,
				-31465.083663405909,
				0.0,
				260358.0,
				0.0,
				-32146.917278417328,
				31465.083663405909,
				0.0,
				0.0,
				0.0,
				260358.0
			],
			"source_node_id" : 6,
			"target_node_id" : 7,
			"transformation" : 
			[
				0.99995911820141692,
				0.0061916541705246851,
				-0.0065897909281857694,
				0.0,
				-0.0061826122499763761,
				0.99997991917803264,
				0.0013915985274623168,
				0.0,
				0.0065982748965935992,
				-0.0013507995142942248,
				0.99997731879731222,
				0.0,
				-0.0045320721864862204,
				-0.0056823864276714219,
				0.008831292203628209,
				1.0
			],
			"uncertain" : false,
			"version_major" : 1,
			"version_minor" : 0
		},
		{
			"class_name" : "PoseGraphEdge",
			"confidence" : 1.0,
			"information" : 
			[
				705363.22455108073,
				-3741.7991573987179,
				84193.314336449403,
				0.0,
				-374282.69403702021,
				-31819.782981524244,
				-3741.7991573987179,
				731462.00618015567,
				103775.77202482568,
				374282.69403702021,
				0.0,
				32193.413143748068,
				84193.314336449403,
				103775.77202482568,
				126168.36419118846,
				31819.782981524244,
				-32193.413143748068,
				0.0,
				0.0,
				374282.69403702021,
				31819.782981524244,
				259589.0,
				0.0,
				0.0,
				-374282.69403702021,
				0.0,
				-32193.413143748068,
				0.0,
				259589.0,
				0.0,
				-31819.782981524244,
				32193.413143748068,
				0.0,
				0.0,
				0.0,
				259589.0
			],
			"source_node_id" : 7,
			"target_node_id" : 8,
			"transformation" : 
			[
				0.99996504720205659,
				0.0025996945018918558,
				-0.0079464433984076811,
				0.0,
				-0.00256954517090832,
				0.99998947135098371,
				0.0038019238281863767,
				0.0,
				0.0079562435735669578,
				-0.003781372195050735,
				0.9999611989535,
				0.0,
				-0.0062270216108096937,
				-0.0041769033612196029,
				0.0092495007260971068,
				1.0
			],
			"uncertain" : false,
			"version_major" : 1,
			"version_minor" : 0
		},
		{
			"class_name" : "PoseGraphEdge",
			"confidence" : 1.0,
			"information" : 
			[
				712267.60184392519,
				-4243.4921886143829,
				87353.779710796982,
				0.0,
				-377016.21689802408,
				-31389.927287254133,
				-4243.4921886143829,
				738557.94421557011,
				103795.65715496791,
				377016.21689802408,
				0.0,
				33349.864951252588,
				87353.779710796982,
				103795.65715496791,
				127382.14235044799,
				31389.927287254133,
				-33349.864951252588,
				0.0,
				0.0,
				377016.21689802408,
				31389.927287254133,
				260788.0,
				0.0,
				0.0,
				-377016.21689802408,
				0.0,
				-33349.864951252588,
				0.0,
				260788.0,
				0.0,
				-31389.927287254133,
				33349.864951252588,
				0.0,
				0.0,
				0.0,
				260788.0
			],
			"source_node_id" : 8,
			"target_node_id" : 9,
			"transformation" : 
			[
				0.99997408282347666,
				0.0011840553506092942,
				-0.0071015276014609763,
				0.0,
				-0.0011737964040475764,
				0.99999826187093643,
				0.0014486052278657323,
				0.0,
				0.0071032304868604299,
				-0.0014402319365464868,
				0.99997373457937366,
				0.0,
				-0.0072906333490085689,
				-0.002078313337283325,
				0.0090370446532163536,
				1.0
			],
			"uncertain" : false,
			"version_major" : 1,
			"version_minor" : 0
		},
		{
			"class_name" : "PoseGraphEdge",
			"confidence" : 1.0,
			"information" : 
			[
				718849.4899494322,
				-4313.1028491959669,
				88195.82631867686,
				0.0,
				-379252.80884289742,
				-31064.061741463025,
				-4313.1028491959669,
				745935.30109379056,
				103769.02532240356,
				379252.80884289742,
				0.0,
				33355.213979762804,
				88195.82631867686,
				103769.02532240356,
				127963.95363189165,
				31064.061741463025,
				-33355.213979762804,
				0.0,
				0.0,
				379252.80884289742,
				31064.061741463025,
				261246.0,
				0.0,
				0.0,
				-379252.80884289742,
				0.0,
				-33355.213979762804,
				0.0,
				261246.0,
				0.0,
				-31064.061741463025,
				33355.213979762804,
				0.0,
				0.0,
				0.0,
				261246.0
			],
			"source_node_id" : 9,
			"target_node_id" : 10,
			"transformation" : 
			[
				0.99998134400059602,
				0.0042520149356836323,
				-0.0043854326751807809,
				0.0,
				-0.0042636291744257452,
				0.99998741944166647,
				-0.0026424277965306536,
				0.0,
				0.0043741418615318786,
				0.0026610763580956357,
				0.99998689269189489,
				0.0,
				-0.0031434895985126723,
				-0.0054010504999713596,
				0.0087178475701837847,
				1.0
			],
			"uncertain" : false,
			"version_major" : 1,
			"version_minor" : 0
		},
		{
			"class_name" : "PoseGraphEdge",
			"confidence" : 1.0,
			"information" : 
			[
				726686.2530073683,
				-4588.3755793156643,
				88200.317082960391,
				0.0,
				-380860.16478925943,
				-32108.834543239092,
				-4588.3755793156643,
				752500.25253949407,
				106345.18838448018,
				380860.16478925943,
				0.0,
				32841.13713314198,
				88200.317082960391,
				106345.18838448018,
				128413.03702458279,
				32108.834543239092,
				-32841.13713314198,
				0.0,
				0.0,
				380860.16478925943,
				32108.834543239092,
				260750.0,
				0.0,
				0.0,
				-380860.16478925943,
				0.0,
				-32841.13713314198,
				0.0,
				260750.0,
				0.0,
				-32108.834543239092,
				32841.13713314198,
				0.0,
				0.0,
				0.0,
				260750.0
			],
			"source_node_id" : 10,
			"target_node_id" : 11,
			"transformation" : 
			[
				0.99997554746889561,
				0.0030422912917107466,
				-0.0062967394720277372,
				0.0,
				-0.0030432406808358647,
				0.99999535936375405,
				-0.00014119884726073511,
				0.0,
				0.0062962806831268975,
				0.00016035788830943087,
				0.99998016537074674,
				0.0,
				-0.0019867466576959092,
				-0.0066797175133675932,
				0.0093547843270924552,
				1.0
			],
			"uncertain" : false,
			"version_major" : 1,
			"version_minor" : 0
		},
		{
			"class_name" : "PoseGraphEdge",
			"confidence" : 1.0,
			"information" : 
			[
				729574.35085684783,
				-5295.4255004252045,
				90222.816121892029,
				0.0,
				-381667.28605300188,
				-31594.699169731815,
				-5295.4255004252045,
				754782.51711068209,
				105735.50520604101,
				381667.28605300188,
				0.0,
				33429.5543399952,
				90222.816121892029,
				105735.50520604101,
				127493.71712594917,
				31594.699169731815,
				-33429.5543399952,
				0.0,
				0.0,
				381667.28605300188,
				31594.699169731815,
				260471.0,
				0.0,
				0.0,
				-381667.28605300188,
				0.0,
				-33429.5543399952,
				0.0,
				260471.0,
				0.0,
				-31594.699169731815,
				33429.5543399952,
				0.0,
				0.0,
				0.0,
				260471.0
			],
			"source_node_id" : 11,
			"target_node_id" : 12,
			"transformation" : 
			[
				0.99993823564730655,
				0.0062150395602486213,
				-0.0092140205021713946,
				0.0,
				-0.0062043180889782756,
				0.99998004290683373,
				0.0011917319735604062,
				0.0,
				0.0092212432784666998,
				-0.0011344916529326362,
				0.99995683986914585,
				0.0,
				-0.006170612465669475,
				-0.0036840401701641809,
				0.0096922037385121368,
				1.0
			],
			"uncertain" : false,
			"version_major" : 1,
			"version_minor" : 0
		},
		{
			"class_name" : "PoseGraphEdge",
			"confidence" : 1.0,
			"information" : 
			[
				737005.67318330088,
				-5885.8600712543785,
				92117.914556470321,
				0.0,
				-384123.19215512276,
				-31438.589035851532,
				-5885.8600712543785,
				762666.6287768943,
				106310.97098607637,
				384123.19215512276,
				0.0,
				34037.796988368034,
				92117.914556470321,
				106310.97098607637,
				128223.72678774524,
				31438.589035851532,
				-34037.796988368034,
				0.0,
				0.0,
				384123.19215512276,
				31438.589035851532,
				260886.0,
				0.0,
				0.0,
				-384123.19215512276,
				0.0,
				-34037.796988368034,
				0.0,
				260886.0,
				0.0,
				-31438.589035851532,
				34037.796988368034,
				0.0,
				0.0,
				0.0,
				260886.0
			],
			"source_node_id" : 12,
			"target_node_id" : 13,
			"transformation" : 
			[
				0.99993299287783621,
				0.010238168668107251,
				-0.0054027452926351527,
				0.0,
				-0.01024940335167444,
				0.99994536008291146,
				-0.0020558646817941564,
				0.0,
				0.0053814017977092997,
				0.0021111018399288476,
				0.99998329174227352,
				0.0,
				-0.0023946810374598608,
				-0.0058491602358347536,
				0.009380287839598123,
				1.0
			],
			"uncertain" : false,
			"version_major" : 1,
			"version_minor" : 0
		},
		{
			"class_name" : "PoseGraphEdge",
			"confidence" : 1.0,
			"information" : 
			[
				745908.00493951316,
				-5913.0878164847209,
				92044.654659695909,
				0.0,
				-386280.05126398802,
				-32212.421340171131,
				-5913.0878164847209,
				770857.74192514527,
				108725.47136947623,
				386280.05126398802,
				0.0,
				33902.217736145307,
				92044.654659695909,
				108725.47136947623,
				129095.5167273218,
				32212.421340171131,
				-33902.217736145307,
				0.0,
				0.0,
				386280.05126398802,
				32212.421340171131,
				260635.0,
				0.0,
				0.0,
				-386280.05126398802,
				0.0,
				-33902.217736145307,
				0.0,
				260635.0,
				0.0,
				-32212.421340171131,
				33902.217736145307,
				0.0,
				0.0,
				0.0,
				260635.0
			],
			"source_node_id" : 13,
			"target_node_id" : 14,
			"transformation" : 
			[
				0.99993762912532791,
				0.0088946876195977256,
				-0.0067544349406533444,
				0.0,
				-0.0088964334341022529,
				0.99996039985335083,
				-0.00022846723930014995,
				0.0,
				0.0067521353193142715,
				0.00028854337043309706,
				0.99997716244490009,
				0.0,
				-0.0044373707983946017,
				-0.0055477938534781012,
				0.009594901144058041,
				1.0
			],
			"uncertain" : false,
			"version_major" : 1,
			"version_minor" : 0
		},
		{
			"class_name" : "PoseGraphEdge",
			"confidence" : 1.0,
			"information" : 
			[
				755213.17745399161,
				-6062.8789808580932,
				93997.484410055928,
				0.0,
				-389016.53023964167,
				-32419.769023910398,
				-6062.8789808580932,
				781150.04126008216,
				110356.71216413913,
				389016.53023964167,
				0.0,
				35002.5894407265,
				93997.484410055928,
				110356.71216413913,
				131488.22549018884,
				32419.769023910398,
				-35002.5894407265,
				0.0,
				0.0,
				389016.53023964167,
				32419.769023910398,
				261055.0,
				0.0,
				0.0,
				-389016.53023964167,
				0.0,
				-35002.5894407265,
				0.0,
				261055.0,
				0.0,
				-32419.769023910398,
				35002.5894407265,
				0.0,
				0.0,
				0.0,
				261055.0
			],
			"source_node_id" : 14,
			"target_node_id" : 15,
			"transformation" : 
			[
				0.9999702023759649,
				0.0066679982713796979,
				-0.0038900076124660137,
				0.0,
				-0.0066719644963303291,
				0.99997723464910004,
				-0.0010075084606185774,
				0.0,
				0.0038832009904039028,
				0.0010334324319410835,
				0.99999192635114587,
				0.0,
				-0.0058763118957320393,
				-0.0043413488963383378,
				0.0088507834970300604,
				1.0
			],
			"uncertain" : false,
			"version_major" : 1,
			"version_minor" : 0
		},
		{
			"class_name" : "PoseGraphEdge",
			"confidence" : 1.0,
			"information" : 
			[
				761060.43828179443,
				-6805.4711344755005,
				96674.176121103534,
				0.0,
				-390346.78396117687,
				-32635.797044475563,
				-6805.4711344755005,
				787994.2830320386,
				111669.3450089683,
				390346.78396117687,
				0.0,
				36339.180024400703,
				96674.176121103534,
				111669.3450089683,
				133075.71680537806,
				32635.797044475563,
				-36339.180024400703,
				0.0,
				0.0,
				390346.78396117687,
				32635.797044475563,
				260904.0,
				0.0,
				0.0,
				-390346.78396117687,
				0.0,
				-36339.180024400703,
				0.0,
				260904.0,
				0.0,
				-32635.797044475563,
				36339.180024400703,
				0.0,
				0.0,
				0.0,
				260904.0
			],
			"source_node_id" : 15,
			"target_node_id" : 16,
			"transformation" : 
			[
				0.99998286040885254,
				0.00551306844178994,
				0.0019710314264935287,
				0.0,
				-0.0055081520947983936,
				0.99998172720038414,
				-0.0024910892873244274,
				0.0,
				-0.0019847289559668641,
				0.0024801898501917784,
				0.99999495474191158,
				0.0,
				-0.0025933911676432404,
				-0.00570208162044293,
				0.0087679391252831664,
				1.0
			],
			"uncertain" : false,
			"version_major" : 1,
			"version_minor" : 0
		},
		{
			"class_name" : "PoseGraphEdge",
			"confidence" : 1.0,
			"information" : 
			[
				766061.82840560225,
				-6558.8956595576346,
				95876.526625138591,
				0.0,
				-391557.75198167562,
				-33296.712927632674,
				-6558.8956595576346,
				792757.06374068989,
				113641.00465393363,
				391557.75198167562,
				0.0,
				36070.44007291249,
				95876.526625138591,
				113641.00465393363,
				134203.97060028781,
				33296.712927632674,
				-36070.44007291249,
				0.0,
				0.0,
				391557.75198167562,
				33296.712927632674,
				261074.0,
				0.0,
				0.0,
				-391557.75198167562,
				0.0,
				-36070.44007291249,
				0.0,
				261074.0,
				0.0,
				-33296.712927632674,
				36070.44007291249,
				0.0,
				0.0,
				0.0,
				261074.0
			],
			"source_node_id" : 16,
			"target_node_id" : 17,
			"transformation" : 
			[
				0.99999636286627092,
				0.0026041986264082901,
				0.0007017148595149593,
				0.0,
				-0.0026040366924679954,
				0.99999658267509028,
				-0.00023158377642629874,
				0.0,
				-0.00070231555167975875,
				0.00022975564288330778,
				0.99999972698256745,
				0.0,
				-0.0036379757314562405,
				-0.0048224875773728443,
				0.0078649536295892532,
				1.0
			],
			"uncertain" : false,
			"version_major" : 1,
			"version_minor" : 0
		},
		{
			"class_name" : "PoseGraphEdge",
			"confidence" : 1.0,
			"information" : 
			[
				754985.29152043525,
				-6884.2762666696344,
				96307.983926441288,
				0.0,
				-386755.87852060795,
				-32434.100443291652,
				-6884.2762666696344,
				780738.2274594442,
				111733.56499096712,
				386755.87852060795,
				0.0,
				36704.62321366067,
				96307.983926441288,
				111733.56499096712,
				132124.89837400906,
				32434.100443291652,
				-36704.62321366067,
				0.0,
				0.0,
				386755.87852060795,
				32434.100443291652,
				258754.0,
				0.0,
				0.0,
				-386755.87852060795,
				0.0,
				-36704.62321366067,
				0.0,
				258754.0,
				0.0,
				-32434.100443291652,
				36704.62321366067,
				0.0,
				0.0,
				0.0,
				258754.0
			],
			"source_node_id" : 17,
			"target_node_id" : 18,
			"transformation" : 
			[
				0.99999041337741768,
				-0.000291820505824276,
				0.0043689808942283604,
				0.0,
				0.0002899307726945187,
				0.99999986415575748,
				0.00043316118571631976,
				0.0,
				-0.0043691067060437818,
				-0.00043189033115696398,
				0.99999036214222259,
				0.0,
				-0.00711278557279352,
				-0.0037461353373072419,
				0.0086919951793226584,
				1.0
			],
			"uncertain" : false,
			"version_major" : 1,
			"version_minor" : 0
		},
		{
			"class_name" : "PoseGraphEdge",
			"confidence" : 1.0,
			"information" : 
			[
				751960.1357925185,
				-7001.30627374096,
				95828.871505839445,
				0.0,
				-386270.17382234335,
				-31907.242711593281,
				-7001.30627374096,
				778123.02197922184,
				110583.27706178115,
				386270.17382234335,
				0.0,
				36019.161718891701,
				95828.871505839445,
				110583.27706178115,
				131668.62445387614,
				31907.242711593281,
				-36019.161718891701,
				0.0,
				0.0,
				386270.17382234335,
				31907.242711593281,
				259360.0,
				0.0,
				0.0,
				-386270.17382234335,
				0.0,
				-36019.161718891701,
				0.0,
				259360.0,
				0.0,
				-31907.242711593281,
				36019.161718891701,
				0.0,
				0.0,
				0.0,
				259360.0
			],
			"source_node_id" : 18,
			"target_node_id" : 19,
			"transformation" : 
			[
				0.99994945031046267,
				-0.0039462226215462208,
				0.0092479268392289624,
				0.0,
				0.0039624869915249944,
				0.99999063369093599,
				-0.0017410419991607351,
				0.0,
				-0.0092409696809658392,
				0.0017775987798272243,
				0.99995572133066679,
				0.0,
				0.0055579145323034996,
				-0.0065629796857095881,
				0.0089560484700815755,
				1.0
			],
			"uncertain" : false,
			"version_major" : 1,
			"version_minor" : 0
		},
		{
			"class_name" : "PoseGraphEdge",
			"confidence" : 1.0,
			"information" : 
			[
				756389.642117574,
				-7110.27249989758,
				95564.439313336101,
				0.0,
				-387530.52999985218,
				-32644.375028353999,
				-7110.27249989758,
				783194.10279546084,
				112066.92361516133,
				387530.52999985218,
				0.0,
				35358.72369069187,
				95564.439313336101,
				112066.92361516133,
				133333.83579182572,
				32644.375028353999,
				-35358.72369069187,
				0.0,
				0.0,
				387530.52999985218,
				32644.375028353999,
				259611.0,
				0.0,
				0.0,
				-387530.52999985218,
				0.0,
				-35358.72369069187,
				0.0,
				259611.0,
				0.0,
				-32644.375028353999,
				35358.72369069187,
				0.0,
				0.0,
				0.0,
				259611.0
			],
			"source_node_id" : 19,
			"target_node_id" : 20,
			"transformation" : 
			[
				0.99998530632729066,
				-0.0052348724811550878,
				-0.0014082754062855801,
				0.0,
				0.0052377244476860011,
				0.99998422429087286,
				0.0020291407028517859,
				0.0,
				0.0013976308969166486,
				-0.0020364870458469977,
				0.99999694966954167,
				0.0,
				-0.00060703846065311283,
				-0.0045282800929225316,
				0.0082464309756285874,
				1.0
			],
			"uncertain" : false,
			"version_major" : 1,
			"version_minor" : 0
		},
		{
			"class_name" : "PoseGraphEdge",
			"confidence" : 1.0,
			"information" : 
			[
				760339.54043931176,
				-6912.1193160693329,
				97457.521531143342,
				0.0,
				-389068.95587444305,
				-31395.431191071169,
				-6912.1193160693329,
				787791.14267609932,
				110701.15919967341,
				389068.95587444305,
				0.0,
				36471.837551636039,
				97457.521531143342,
				110701.15919967341,
				134121.78741484985,
				31395.431191071169,
				-36471.837551636039,
				0.0,
				0.0,
				389068.95587444305,
				31395.431191071169,
				260257.0,
				0.0,
				0.0,
				-389068.95587444305,
				0.0,
				-36471.837551636039,
				0.0,
				260257.0,
				0.0,
				-31395.431191071169,
				36471.837551636039,
				0.0,
				0.0,
				0.0,
				260257.0
			],
			"source_node_id" : 20,
			"target_node_id" : 21,
			"transformation" : 
			[
				0.99999800631395674,
				-0.0014463621341556196,
				0.0013767369715309704,
				0.0,
				0.0014467182926879846,
				0.99999892028835891,
				-0.00025773687470389471,
				0.0,
				-0.0013763627041958879,
				0.00025972811141841581,
				0.99999901908302602,
				0.0,
				-0.0026040795059304733,
				-0.00057347269532530016,
				0.0076315443164979777,
				1.0
			],
			"uncertain" : false,
			"version_major" : 1,
			"version_minor" : 0
		},
		{
			"class_name" : "PoseGraphEdge",
			"confidence" : 1.0,
			"information" : 
			[
				762704.66843211045,
				-7423.4336030329387,
				98878.862764594625,
				0.0,
				-390028.84410989285,
				-30398.467235201271,
				-7423.4336030329387,
				791290.59638385591,
				108791.14935837759,
				390028.84410989285,
				0.0,
				36440.967860645324,
				98878.862764594625,
				108791.14935837759,
				133373.20460634088,
				30398.467235201271,
				-36440.967860645324,
				0.0,
				0.0,
				390028.84410989285,
				30398.467235201271,
				260189.0,
				0.0,
				0.0,
				-390028.84410989285,
				0.0,
				-36440.967860645324,
				0.0,
				260189.0,
				0.0,
				-30398.467235201271,
				36440.967860645324,
				0.0,
				0.0,
				0.0,
				260189.0
			],
			"source_node_id" : 21,
			"target_node_id" : 22,
			"transformation" : 
			[
				0.99999239751012392,
				-0.0013984557684260323,
				0.0036399510186914796,
				0.0,
				0.0014177572926393973,
				0.99998492059621136,
				-0.005305520186383892,
				0.0,
				-0.0036324765950911521,
				0.0053106404183219918,
				0.99997930089183973,
				0.0,
				0.0048026290141973656,
				-0.0067295702739791508,
				0.0094527237673609245,
				1.0
			],
			"uncertain" : false,
			"version_major" : 1,
			"version_minor" : 0
		},
		{
			"class_name" : "PoseGraphEdge",
			"confidence" : 1.0,
			"information" : 
			[
				774326.38862139604,
				-7274.975395286373,
				98287.485250911122,
				0.0,
				-392746.48067080975,
				-31863.731401269324,
				-7274.975395286373,
				802198.66561257711,
				112500.61216636667,
				392746.48067080975,
				0.0,
				35982.730102879868,
				98287.485250911122,
				112500.61216636667,
				135305.16915596387,
				31863.731401269324,
				-35982.730102879868,
				0.0,
				0.0,
				392746.48067080975,
				31863.731401269324,
				259961.0,
				0.0,
				0.0,
				-392746.48067080975,
				0.0,
				-35982.730102879868,
				0.0,
				259961.0,
				0.0,
				-31863.731401269324,
				35982.730102879868,
				0.0,
				0.0,
				0.0,
				259961.0
			],
			"source_node_id" : 22,
			"target_node_id" : 23,
			"transformation" : 
			[
				0.99999504119986038,
				-0.002961962240686867,
				-0.0010697454716813951,
				0.0,
				0.0029600163246711456,
				0.99999397007654112,
				-0.0018160710102697237,
				0.0,
				0.001075118154956904,
				0.0018128955406771267,
				0.99999777876288842,
				0.0,
				-0.00033407656413982783,
				-0.0061930190227678841,
				0.0078674484154171304,
				1.0
			],
			"uncertain" : false,
			"version_major" : 1,
			"version_minor" : 0
		},
		{
			"class_name" : "PoseGraphEdge",
			"confidence" : 1.0,
			"information" : 
			[
				758702.7002917229,
				-8997.5096000966969,
				104840.82491192533,
				0.0,
				-386649.69892847538,
				-31000.98018378322,
				-8997.5096000966969,
				786375.28271541686,
				108778.23413545731,
				386649.69892847538,
				0.0,
				39048.552135166305,
				104840.82491192533,
				108778.23413545731,
				131960.86803944357,
				31000.98018378322,
				-39048.552135166305,
				0.0,
				0.0,
				386649.69892847538,
				31000.98018378322,
				256392.0,
				0.0,
				0.0,
				-386649.69892847538,
				0.0,
				-39048.552135166305,
				0.0,
				256392.0,
				0.0,
				-31000.98018378322,
				39048.552135166305,
				0.0,
				0.0,
				0.0,
				256392.0
			],
			"source_node_id" : 23,
			"target_node_id" : 24,
			"transformation" : 
			[
				0.99991258645083736,
				-0.0098667527504252995,
				0.0088015139242396817,
				0.0,
				0.0098709778263570847,
				0.99995118534159932,
				-0.00043672724083561673,
				0.0,
				-0.0087967752016393577,
				0.00052356861374202115,
				0.9999611705571162,
				0.0,
				0.0021841746001832552,
				-0.011221154362150407,
				0.014003764481256856,
				1.0
			],
			"uncertain" : false,
			"version_major" : 1,
			"version_minor" : 0
		},
		{
			"class_name" : "PoseGraphEdge",
			"confidence" : 1.0,
			"information" : 
			[
				758246.96328420518,
				-8330.6037546670814,
				102254.82862342089,
				0.0,
				-386747.47212070227,
				-30242.970295353909,
				-8330.6037546670814,
				787113.73005567328,
				108398.1025922837,
				386747.47212070227,
				0.0,
				37820.425387320167,
				102254.82862342089,
				108398.1025922837,
				133998.91003454902,
				30242.970295353909,
				-37820.425387320167,
				0.0,
				0.0,
				386747.47212070227,
				30242.970295353909,
				257525.0,
				0.0,
				0.0,
				-386747.47212070227,
				0.0,
				-37820.425387320167,
				0.0,
				257525.0,
				0.0,
				-30242.970295353909,
				37820.425387320167,
				0.0,
				0.0,
				0.0,
				257525.0
			],
			"source_node_id" : 24,
			"target_node_id" : 25,
			"transformation" : 
			[
				0.99998885906203738,
				-0.0032322641229483901,
				0.00344009017940253,
				0.0,
				0.0032347733264494688,
				0.99999450595494832,
				-0.00072408662765627741,
				0.0,
				-0.0034377308401636227,
				0.00073520647260499233,
				0.99999382071996534,
				0.0,
				-0.0013329790190940894,
				-0.0050293210315859082,
				0.0057269488376971139,
				1.0
			],
			"uncertain" : false,
			"version_major" : 1,
			"version_minor" : 0
		},
		{
			"class_name" : "PoseGraphEdge",
			"confidence" : 1.0,
			"information" : 
			[
				744676.00254462892,
				-8542.2896105450563,
				101781.60215541712,
				0.0,
				-381820.34154063463,
				-29141.264163700165,
				-8542.2896105450563,
				773744.74009423424,
				105438.35723989928,
				381820.34154063463,
				0.0,
				37885.569186245208,
				101781.60215541712,
				105438.35723989928,
				131780.28380115566,
				29141.264163700165,
				-37885.569186245208,
				0.0,
				0.0,
				381820.34154063463,
				29141.264163700165,
				255604.0,
				0.0,
				0.0,
				-381820.34154063463,
				0.0,
				-37885.569186245208,
				0.0,
				255604.0,
				0.0,
				-29141.264163700165,
				37885.569186245208,
				0.0,
				0.0,
				0.0,
				255604.0
			],
			"source_node_id" : 25,
			"target_node_id" : 26,
			"transformation" : 
			[
				0.9999724006045807,
				-0.00058950348648971647,
				0.0074061133363784171,
				0.0,
				0.00060275874251673408,
				0.99999822046153475,
				-0.001787667659531967,
				0.0,
				-0.0074050463205968765,
				0.0017920824205469232,
				0.99997097644361055,
				0.0,
				-0.001326096849682059,
				-0.0055097959113637896,
				0.0057326264534598723,
				1.0
			],
			"uncertain" : false,
			"version_major" : 1,
			"version_minor" : 0
		},
		{
			"class_name" : "PoseGraphEdge",
			"confidence" : 1.0,
			"information" : 
			[
				732930.20276891533,
				-8382.1550764365293,
				101460.107016572,
				0.0,
				-377954.06007725,
				-28014.24676275166,
				-8382.1550764365293,
				762821.66710620059,
				102485.0526126332,
				377954.06007725,
				0.0,
				38144.282716242014,
				101460.107016572,
				102485.0526126332,
				130350.80280812892,
				28014.24676275166,
				-38144.282716242014,
				0.0,
				0.0,
				377954.06007725,
				28014.24676275166,
				254496.0,
				0.0,
				0.0,
				-377954.06007725,
				0.0,
				-38144.282716242014,
				0.0,
				254496.0,
				0.0,
				-28014.24676275166,
				38144.282716242014,
				0.0,
				0.0,
				0.0,
				254496.0
			],
			"source_node_id" : 26,
			"target_node_id" : 27,
			"transformation" : 
			[
				0.99993732278119729,
				-0.0037188294774819709,
				0.01056034168428226,
				0.0,
				0.0037391175160634196,
				0.99999120054503565,
				-0.0019020601196234627,
				0.0,
				-0.010553175321790394,
				0.0019414272623524782,
				0.99994242901819708,
				0.0,
				-0.0016075862857551431,
				-0.0047640792040730675,
				0.0053370833980201354,
				1.0
			],
			"uncertain" : false,
			"version_major" : 1,
			"version_minor" : 0
		},
		{
			"class_name" : "PoseGraphEdge",
			"confidence" : 1.0,
			"information" : 
			[
				716550.21896923124,
				-7958.8064206166628,
				99748.674436567657,
				0.0,
				-372129.34990596771,
				-26908.307770235639,
				-7958.8064206166628,
				747015.57804283209,
				99145.23721082983,
				372129.34990596771,
				0.0,
				37881.562756463303,
				99748.674436567657,
				99145.23721082983,
				128196.06052964213,
				26908.307770235639,
				-37881.562756463303,
				0.0,
				0.0,
				372129.34990596771,
				26908.307770235639,
				252487.0,
				0.0,
				0.0,
				-372129.34990596771,
				0.0,
				-37881.562756463303,
				0.0,
				252487.0,
				0.0,
				-26908.307770235639,
				37881.562756463303,
				0.0,
				0.0,
				0.0,
				252487.0
			],
			"source_node_id" : 27,
			"target_node_id" : 28,
			"transformation" : 
			[
				0.99985715502790884,
				-0.0083217698382905599,
				0.014711141568706974,
				0.0,
				0.0083586413104530313,
				0.99996207277550619,
				-0.0024466560764509777,
				0.0,
				-0.014690223107196455,
				0.0025692717395721372,
				0.99988879191027435,
				0.0,
				-0.00086755784557437823,
				-0.0056644287855666681,
				0.0060495792425072836,
				1.0
			],
			"uncertain" : false,
			"version_major" : 1,
			"version_minor" : 0
		},
		{
			"class_name" : "PoseGraphEdge",
			"confidence" : 1.0,
			"information" : 
			[
				702395.39261080488,
				-7316.1275114071877,
				96733.918721337643,
				0.0,
				-367512.49646919966,
				-25478.602357557975,
				-7316.1275114071877,
				734691.69981947693,
				95441.511314053481,
				367512.49646919966,
				0.0,
				36720.513913786272,
				96733.918721337643,
				95441.511314053481,
				126783.91493454001,
				25478.602357557975,
				-36720.513913786272,
				0.0,
				0.0,
				367512.49646919966,
				25478.602357557975,
				251293.0,
				0.0,
				0.0,
				-367512.49646919966,
				0.0,
				-36720.513913786272,
				0.0,
				251293.0,
				0.0,
				-25478.602357557975,
				36720.513913786272,
				0.0,
				0.0,
				0.0,
				251293.0
			],
			"source_node_id" : 28,
			"target_node_id" : 29,
			"transformation" : 
			[
				0.99984169447398319,
				-0.0067781652131487296,
				0.016451214779979965,
				0.0,
				0.0068628183769134038,
				0.99996347210862968,
				-0.0050947200492543988,
				0.0,
				-0.016416080997584986,
				0.0052068152260316899,
				0.99985168968196614,
				0.0,
				0.0028016416745203073,
				-0.0067778398551617261,
				0.0068073269165660243,
				1.0
			],
			"uncertain" : false,
			"version_major" : 1,
			"version_minor" : 0
		},
		{
			"class_name" : "PoseGraphEdge",
			"confidence" : 1.0,
			"information" : 
			[
				701340.90116887167,
				-6815.2501280912902,
				94120.167592526399,
				0.0,
				-367383.22484481335,
				-26023.192968105373,
				-6815.2501280912902,
				735555.30818113242,
				96423.7854479378,
				367383.22484481335,
				0.0,
				35797.561574197665,
				94120.167592526399,
				96423.7854479378,
				128702.99307740635,
				26023.192968105373,
				-35797.561574197665,
				0.0,
				0.0,
				367383.22484481335,
				26023.192968105373,
				251737.0,
				0.0,
				0.0,
				-367383.22484481335,
				0.0,
				-35797.561574197665,
				0.0,
				251737.0,
				0.0,
				-26023.192968105373,
				35797.561574197665,
				0.0,
				0.0,
				0.0,
				251737.0
			],
			"source_node_id" : 29,
			"target_node_id" : 30,
			"transformation" : 
			[
				0.99993092908049364,
				-0.0021984781129888472,
				0.011545724845448238,
				0.0,
				0.002238019480242253,
				0.9999916714522562,
				-0.003412959848553125,
				0.0,
				-0.011538125368800072,
				0.0034385636693957801,
				0.99992752134485541,
				0.0,
				0.00074247992225589968,
				-0.0076861677095638372,
				0.0061734040077685093,
				1.0
			],
			"uncertain" : false,
			"version_major" : 1,
			"version_minor" : 0
		},
		{
			"class_name" : "PoseGraphEdge",
			"confidence" : 1.0,
			"information" : 
			[
				653032.13816281641,
				-6114.9020683652379,
				89460.593580450135,
				0.0,
				-348004.31772911549,
				-24051.784996409202,
				-6114.9020683652379,
				684884.44466092414,
				88842.012871270214,
				348004.31772911549,
				0.0,
				35947.16309956403,
				89460.593580450135,
				88842.012871270214,
				118622.68949771058,
				24051.784996409202,
				-35947.16309956403,
				0.0,
				0.0,
				348004.31772911549,
				24051.784996409202,
				242609.0,
				0.0,
				0.0,
				-348004.31772911549,
				0.0,
				-35947.16309956403,
				0.0,
				242609.0,
				0.0,
				-24051.784996409202,
				35947.16309956403,
				0.0,
				0.0,
				0.0,
				242609.0
			],
			"source_node_id" : 30,
			"target_node_id" : 31,
			"transformation" : 
			[
				0.9992593121582275,
				-0.013362600448244945,
				0.036086950194316306,
				0.0,
				0.013684236703934934,
				0.99986868608607926,
				-0.008680567396737237,
				0.0,
				-0.035966216521858115,
				0.0091679601743889158,
				0.99931095249443957,
				0.0,
				0.00066811844947260333,
				-0.01741169046799242,
				0.010257273282978258,
				1.0
			],
			"uncertain" : false,
			"version_major" : 1,
			"version_minor" : 0
		},
		{
			"class_name" : "PoseGraphEdge",
			"confidence" : 1.0,
			"information" : 
			[
				654399.72476248769,
				-4689.8724926301429,
				82620.53277817271,
				0.0,
				-350805.83873671293,
				-25701.294368127943,
				-4689.8724926301429,
				687767.44425850199,
				92636.211093309597,
				350805.83873671293,
				0.0,
				32690.604702998127,
				82620.53277817271,
				92636.211093309597,
				123518.17714230875,
				25701.294368127943,
				-32690.604702998127,
				0.0,
				0.0,
				350805.83873671293,
				25701.294368127943,
				247730.0,
				0.0,
				0.0,
				-350805.83873671293,
				0.0,
				-32690.604702998127,
				0.0,
