{
	"class_name" : "PoseGraph",
	"edges" : 
	[
		{
			"class_name" : "PoseGraphEdge",
			"confidence" : 1.0,
			"information" : 
			[
				770286.00467120821,
				2940.9632847869666,
				-18530.953621671517,
				0.0,
				-421611.6717017889,
				-12422.398563536,
				2940.9632847869666,
				804970.27745432232,
				36175.529880615213,
				421611.6717017889,
				0.0,
				1142.0194653852377,
				-18530.953621671517,
				36175.529880615213,
				119096.8852926148,
				12422.398563536,
				-1142.0194653852377,
				0.0,
				0.0,
				421611.6717017889,
				12422.398563536,
				249629.0,
				0.0,
				0.0,
				-421611.6717017889,
				0.0,
				-1142.0194653852377,
				0.0,
				249629.0,
				0.0,
				-12422.398563536,
				1142.0194653852377,
				0.0,
				0.0,
				0.0,
				249629.0
			],
			"source_node_id" : 0,
			"target_node_id" : 1,
			"transformation" : 
			[
				0.99999758269746408,
				-0.0010574442960302739,
				-0.0019277994677997785,
				0.0,
				0.0010529279436060713,
				0.999996702571045,
				-0.0023422616810372904,
				0.0,
				0.0019302699222724161,
				0.002340226185152876,
				0.99999539868912879,
				0.0,
				0.0012571157229892055,
				0.0077198399415250689,
				0.00010883912726716493,
				1.0
			],
			"uncertain" : false,
			"version_major" : 1,
			"version_minor" : 0
		},
		{
			"class_name" : "PoseGraphEdge",
			"confidence" : 1.0,
			"information" : 
			[
				765917.00737697084,
				3236.3958616590185,
				-20171.513883930878,
				0.0,
				-418629.38664841652,
				-10914.768702758243,
				3236.3958616590185,
				800647.16460524232,
				33194.626206182009,
				418629.38664841652,
				0.0,
				-168.636988362181,
				-20171.513883930878,
				33194.626206182009,
				116605.81119265074,
				10914.768702758243,
				168.636988362181,
				0.0,
				0.0,
				418629.38664841652,
				10914.768702758243,
				246944.0,
				0.0,
				0.0,
				-418629.38664841652,
				0.0,
				168.636988362181,
				0.0,
				246944.0,
				0.0,
				-10914.768702758243,
				-168.636988362181,
				0.0,
				0.0,
				0.0,
				246944.0
			],
			"source_node_id" : 1,
			"target_node_id" : 2,
			"transformation" : 
			[
				0.99999784616233311,
				-0.0020674779275778941,
				0.00018222435235273223,
				0.0,
				0.002068479534320886,
				0.99998173294540238,
				-0.0056793633379722116,
				0.0,
				-0.00017047906530658649,
				0.0056797280328890181,
				0.99998385568286074,
				0.0,
				0.01394909910836363,
				0.012810508421017311,
				0.00068248259504363263,
				1.0
			],
			"uncertain" : false,
			"version_major" : 1,
			"version_minor" : 0
		},
		{
			"class_name" : "PoseGraphEdge",
			"confidence" : 1.0,
			"information" : 
			[
				776434.19593397994,
				3862.3922443788356,
				-18095.687744989104,
				0.0,
				-424348.12355577946,
				-13441.746819627238,
				3862.3922443788356,
				811022.72117488086,
				37698.479517913991,
				424348.12355577946,
				0.0,
				1174.9703808383783,
				-18095.687744989104,
				37698.479517913991,
				119228.43943147759,
				13441.746819627238,
				-1174.9703808383783,
				0.0,
				0.0,
				424348.12355577946,
				13441.746819627238,
				250502.0,
				0.0,
				0.0,
				-424348.12355577946,
				0.0,
				-1174.9703808383783,
				0.0,
				250502.0,
				0.0,
				-13441.746819627238,
				1174.9703808383783,
				0.0,
				0.0,
				0.0,
				250502.0
			],
			"source_node_id" : 2,
			"target_node_id" : 3,
			"transformation" : 
			[
				0.99999754014203279,
				-0.0016774988689241567,
				-0.0014511055882467983,
				0.0,
				0.0016779810641326101,
				0.99999853736138022,
				0.00033114143580626409,
				0.0,
				0.0014505479764197037,
				-0.00033357554894449713,
				0.99999889231834682,
				0.0,
				0.005845600149112804,
				0.0071567975073544062,
				8.7478822941993296e-05,
				1.0
			],
			"uncertain" : false,
			"version_major" : 1,
			"version_minor" : 0
		},
		{
			"class_name" : "PoseGraphEdge",
			"confidence" : 1.0,
			"information" : 
			[
				775977.00431259163,
				4361.3462076616661,
				-15596.315731970406,
				0.0,
				-424079.14824986458,
				-13378.726375730243,
				4361.3462076616661,
				811305.77896366781,
				37493.759760253663,
				424079.14824986458,
				0.0,
				2718.357150765718,
				-15596.315731970406,
				37493.759760253663,
				118369.88888982058,
				13378.726375730243,
				-2718.357150765718,
				0.0,
				0.0,
				424079.14824986458,
				13378.726375730243,
				250047.0,
				0.0,
				0.0,
				-424079.14824986458,
				0.0,
				-2718.357150765718,
				0.0,
				250047.0,
				0.0,
				-13378.726375730243,
				2718.357150765718,
				0.0,
				0.0,
				0.0,
				250047.0
			],
			"source_node_id" : 3,
			"target_node_id" : 4,
			"transformation" : 
			[
				0.99999393827516703,
				-0.0025154845124196953,
				0.0024074365182346923,
				0.0,
				0.0025219562013987441,
				0.99999320459823493,
				-0.0026889578409984701,
				0.0,
				-0.0024006561269327474,
				0.002695012990732585,
				0.99999348685635969,
				0.0,
				0.0054631849136158404,
				0.0060702489951746513,
				4.1385167186338894e-05,
				1.0
			],
			"uncertain" : false,
			"version_major" : 1,
			"version_minor" : 0
		},
		{
			"class_name" : "PoseGraphEdge",
			"confidence" : 1.0,
			"information" : 
			[
				774465.47578344564,
				5497.0487376582851,
				-14731.256025378123,
				0.0,
				-422873.90709960461,
				-14631.761056013638,
				5497.0487376582851,
				808550.8825546992,
				39835.903716055735,
				422873.90709960461,
				0.0,
				3027.0550837280462,
				-14731.256025378123,
				39835.903716055735,
				116884.37111976798,
				14631.761056013638,
				-3027.0550837280462,
				0.0,
				0.0,
				422873.90709960461,
				14631.761056013638,
				249035.0,
				0.0,
				0.0,
				-422873.90709960461,
				0.0,
				-3027.0550837280462,
				0.0,
				249035.0,
				0.0,
				-14631.761056013638,
				3027.0550837280462,
				0.0,
				0.0,
				0.0,
				249035.0
			],
			"source_node_id" : 4,
			"target_node_id" : 5,
			"transformation" : 
			[
				0.99998957810301792,
				-0.0045456295441590692,
				-0.00042536736680168913,
				0.0,
				0.0045451469807729992,
				0.9999890338511398,
				-0.0011286347447009564,
				0.0,
				0.00043049305759990092,
				0.0011266896249829761,
				0.99999927262284316,
				0.0,
				0.0066316075251033942,
				0.0041021928288957517,
				0.0021775098190669434,
				1.0
			],
			"uncertain" : false,
			"version_major" : 1,
			"version_minor" : 0
		},
		{
			"class_name" : "PoseGraphEdge",
			"confidence" : 1.0,
			"information" : 
			[
				774982.7068752246,
				5535.1239134723419,
				-12777.926058924559,
				0.0,
				-422928.60615932941,
				-15177.983095794683,
				5535.1239134723419,
				808456.90544473892,
				40840.62008735066,
				422928.60615932941,
				0.0,
				4135.8960661921883,
				-12777.926058924559,
				40840.62008735066,
				117306.08335146213,
				15177.983095794683,
				-4135.8960661921883,
				0.0,
				0.0,
				422928.60615932941,
				15177.983095794683,
				249096.0,
				0.0,
				0.0,
				-422928.60615932941,
				0.0,
				-4135.8960661921883,
				0.0,
				249096.0,
				0.0,
				-15177.983095794683,
				4135.8960661921883,
				0.0,
				0.0,
				0.0,
				249096.0
			],
			"source_node_id" : 5,
			"target_node_id" : 6,
			"transformation" : 
			[
				0.99999093243391912,
				-0.0036590229629700414,
				-0.0021786695249877315,
				0.0,
				0.0036565208058785261,
				0.9999926520891973,
				-0.0011513571160861949,
				0.0,
				0.0021828663584447347,
				0.0011433803256322103,
				0.99999696388333692,
				0.0,
				0.0026998437596359877,
				-0.00067920189810925596,
				0.0030031556843210334,
				1.0
			],
			"uncertain" : false,
			"version_major" : 1,
			"version_minor" : 0
		},
		{
			"class_name" : "PoseGraphEdge",
			"confidence" : 1.0,
			"information" : 
			[
				776545.63655040425,
				5462.6988017544527,
				-12541.314200842577,
				0.0,
				-423459.39892077446,
				-15699.777118151775,
				5462.6988017544527,
				810303.93905319413,
				41749.030594243974,
				423459.39892077446,
				0.0,
				4402.7547561500687,
				-12541.314200842577,
				41749.030594243974,
				117774.58082632875,
				15699.777118151775,
				-4402.7547561500687,
				0.0,
				0.0,
				423459.39892077446,
				15699.777118151775,
				249251.0,
				0.0,
				0.0,
				-423459.39892077446,
				0.0,
				-4402.7547561500687,
				0.0,
				249251.0,
				0.0,
				-15699.777118151775,
				4402.7547561500687,
				0.0,
				0.0,
				0.0,
				249251.0
			],
			"source_node_id" : 6,
			"target_node_id" : 7,
			"transformation" : 
			[
				0.99999890649106793,
				-0.001478739368784818,
				1.8615787228196297e-05,
				0.0,
				0.0014786903749290424,
				0.99999602050097747,
				0.0024025938033189293,
				0.0,
				-2.2168523190853849e-05,
				-0.0024025636490757497,
				0.99999711359406862,
				0.0,
				0.0046123966751649564,
				0.0035900961078397333,
				0.0026132902528513925,
				1.0
			],
			"uncertain" : false,
			"version_major" : 1,
			"version_minor" : 0
		},
		{
			"class_name" : "PoseGraphEdge",
			"confidence" : 1.0,
			"information" : 
			[
				777265.82758550532,
				5442.1691774986439,
				-14465.824378429434,
				0.0,
				-423548.41752147675,
				-16505.339030726696,
				5442.1691774986439,
				811554.98586075997,
				42940.997562828539,
				423548.41752147675,
				0.0,
				3432.234585983213,
				-14465.824378429434,
				42940.997562828539,
				117368.44967958466,
				16505.339030726696,
				-3432.234585983213,
				0.0,
				0.0,
				423548.41752147675,
				16505.339030726696,
				248961.0,
				0.0,
				0.0,
				-423548.41752147675,
				0.0,
				-3432.234585983213,
				0.0,
				248961.0,
				0.0,
				-16505.339030726696,
				3432.234585983213,
				0.0,
				0.0,
				0.0,
				248961.0
			],
			"source_node_id" : 7,
			"target_node_id" : 8,
			"transformation" : 
			[
				0.99997437914271792,
				0.0071566983114669126,
				0.00015075614388317663,
				0.0,
				-0.007156638164865654,
				0.99997431260738401,
				-0.0003957973811542035,
				0.0,
				-0.00015358487380030724,
				0.00039470833331308879,
				0.99999991030850466,
				0.0,
				0.0044100489743839674,
				-0.0057421038316076353,
				0.0039176063039454362,
				1.0
			],
			"uncertain" : false,
			"version_major" : 1,
			"version_minor" : 0
		},
		{
			"class_name" : "PoseGraphEdge",
			"confidence" : 1.0,
			"information" : 
			[
				747941.9294301261,
				4772.6976520360095,
				-15840.776093015013,
				0.0,
				-408575.44183123112,
				-18648.953182453522,
				4772.6976520360095,
				779867.69135688373,
				45733.991072707417,
				408575.44183123112,
				0.0,
				1830.628355790046,
				-15840.776093015013,
				45733.991072707417,
				110641.80555242448,
				18648.953182453522,
				-1830.628355790046,
				0.0,
				0.0,
				408575.44183123112,
				18648.953182453522,
				240458.0,
				0.0,
				0.0,
				-408575.44183123112,
				0.0,
				-1830.628355790046,
				0.0,
				240458.0,
				0.0,
				-18648.953182453522,
				1830.628355790046,
				0.0,
				0.0,
				0.0,
				240458.0
			],
			"source_node_id" : 8,
			"target_node_id" : 9,
			"transformation" : 
			[
				0.99997731272871648,
				0.0054626032609790265,
				-0.0039413187473974392,
				0.0,
				-0.00540566336412135,
				0.99988291220318326,
				0.014315749637206951,
				0.0,
				0.004019058527720323,
				-0.014294119409552178,
				0.99988975658262291,
				0.0,
				0.01582650570812125,
				-0.010280358781556651,
				0.005773137641962558,
				1.0
			],
			"uncertain" : false,
			"version_major" : 1,
			"version_minor" : 0
		},
		{
			"class_name" : "PoseGraphEdge",
			"confidence" : 1.0,
			"information" : 
			[
				761289.8696678842,
				3736.0661820322025,
				-17145.409089061774,
				0.0,
				-417610.32195222378,
				-15960.619768661214,
				3736.0661820322025,
				793797.11275542609,
				42048.167880488378,
				417610.32195222378,
				0.0,
				1462.6624246470165,
				-17145.409089061774,
				42048.167880488378,
				114928.6357056741,
				15960.619768661214,
				-1462.6624246470165,
				0.0,
				0.0,
				417610.32195222378,
				15960.619768661214,
				247505.0,
				0.0,
				0.0,
				-417610.32195222378,
				0.0,
				-1462.6624246470165,
				0.0,
				247505.0,
				0.0,
				-15960.619768661214,
				1462.6624246470165,
				0.0,
				0.0,
				0.0,
				247505.0
			],
			"source_node_id" : 9,
			"target_node_id" : 10,
			"transformation" : 
			[
				0.99996607787361491,
				-0.0053733005096517419,
				-0.00624265517967718,
				0.0,
				0.0054362318515272104,
				0.99993413555417254,
				0.010108013493569106,
				0.0,
				0.0061879306165967176,
				-0.010141607129183739,
				0.99992942616942859,
				0.0,
				0.0053280170973144447,
				0.0018233849527280873,
				0.0032796419581898758,
				1.0
			],
			"uncertain" : false,
			"version_major" : 1,
			"version_minor" : 0
		},
		{
			"class_name" : "PoseGraphEdge",
			"confidence" : 1.0,
			"information" : 
			[
				775179.66155592178,
				3397.4127509193418,
				-19323.82217171053,
				0.0,
				-424697.36250114441,
				-15559.765104866819,
				3397.4127509193418,
				807990.2138208244,
				41866.539469835603,
				424697.36250114441,
				0.0,
				390.4604091332294,
				-19323.82217171053,
				41866.539469835603,
				117198.61917848267,
				15559.765104866819,
				-390.4604091332294,
				0.0,
				0.0,
				424697.36250114441,
				15559.765104866819,
				251576.0,
				0.0,
				0.0,
				-424697.36250114441,
				0.0,
				-390.4604091332294,
				0.0,
				251576.0,
				0.0,
				-15559.765104866819,
				390.4604091332294,
				0.0,
				0.0,
				0.0,
				251576.0
			],
			"source_node_id" : 10,
			"target_node_id" : 11,
			"transformation" : 
			[
				0.99998006246853699,
				0.0053949288327754703,
				-0.0032816776669270177,
				0.0,
				-0.0053989011170703961,
				0.99998470246315418,
				-0.0012027910895760451,
				0.0,
				0.0032751384930130327,
				0.0012204845621126867,
				0.99999389192398846,
				0.0,
				0.0069840439872641069,
				-0.0081380509940902398,
				0.0086154640624960324,
				1.0
			],
			"uncertain" : false,
			"version_major" : 1,
			"version_minor" : 0
		},
		{
			"class_name" : "PoseGraphEdge",
			"confidence" : 1.0,
			"information" : 
			[
				758470.35402832297,
				2728.6564917065912,
				-23473.492951032975,
				0.0,
				-415013.54652178288,
				-17111.96411630779,
				2728.6564917065912,
				788843.86991953431,
				44061.015056385157,
				415013.54652178288,
				0.0,
				-3058.126853910624,
				-23473.492951032975,
				44061.015056385157,
				111524.0077862545,
				17111.96411630779,
				3058.126853910624,
				0.0,
				0.0,
				415013.54652178288,
				17111.96411630779,
				245134.0,
				0.0,
				0.0,
				-415013.54652178288,
				0.0,
				3058.126853910624,
				0.0,
				245134.0,
				0.0,
				-17111.96411630779,
				-3058.126853910624,
				0.0,
				0.0,
				0.0,
				245134.0
			],
			"source_node_id" : 11,
			"target_node_id" : 12,
			"transformation" : 
			[
				0.99983867734467424,
				0.007723784395476916,
				-0.016216116682597651,
				0.0,
				-0.0076010430779028908,
				0.99994210003188322,
				0.0076171338412308141,
				0.0,
				0.01627401086945994,
				-0.0074926456235128464,
				0.99983949553504925,
				0.0,
				0.013073825833633165,
				-0.013994931361657822,
				0.015625658677029496,
				1.0
			],
			"uncertain" : false,
			"version_major" : 1,
			"version_minor" : 0
		},
		{
			"class_name" : "PoseGraphEdge",
			"confidence" : 1.0,
			"information" : 
			[
				767471.46278155351,
				2806.3851460457472,
				-18292.770357938374,
				0.0,
				-421239.05213332176,
				-15878.84644036612,
				2806.3851460457472,
				799758.91589567799,
				43339.573215598808,
				421239.05213332176,
				0.0,
				1069.975200588,
				-18292.770357938374,
				43339.573215598808,
				116700.3386510212,
				15878.84644036612,
				-1069.975200588,
				0.0,
				0.0,
				421239.05213332176,
				15878.84644036612,
				250590.0,
				0.0,
				0.0,
				-421239.05213332176,
				0.0,
				-1069.975200588,
				0.0,
				250590.0,
				0.0,
				-15878.84644036612,
				1069.975200588,
				0.0,
				0.0,
				0.0,
				250590.0
			],
			"source_node_id" : 12,
			"target_node_id" : 13,
			"transformation" : 
			[
				0.9999640916156648,
				0.0076245399903097184,
				-0.0036989010792504808,
				0.0,
				-0.0076209357482795006,
				0.99997047262838468,
				0.00098752705630584538,
				0.0,
				0.0037063212999560611,
				-0.0009593025083405619,
				0.99999267143370507,
				0.0,
				0.0048025430946120546,
				-0.0043807678386082252,
				0.0060105160428218759,
				1.0
			],
			"uncertain" : false,
			"version_major" : 1,
			"version_minor" : 0
		},
		{
			"class_name" : "PoseGraphEdge",
			"confidence" : 1.0,
			"information" : 
			[
				767824.37527709862,
				2768.3447763513159,
				-17901.863756493705,
				0.0,
				-421548.78225624561,
				-16473.964072348084,
				2768.3447763513159,
				800201.03062310489,
				44618.557861549314,
				421548.78225624561,
				0.0,
				1236.7113310942659,
				-17901.863756493705,
				44618.557861549314,
				116622.69089503323,
				16473.964072348084,
				-1236.7113310942659,
				0.0,
				0.0,
				421548.78225624561,
				16473.964072348084,
				250896.0,
				0.0,
				0.0,
				-421548.78225624561,
				0.0,
				-1236.7113310942659,
				0.0,
				250896.0,
				0.0,
				-16473.964072348084,
				1236.7113310942659,
				0.0,
				0.0,
				0.0,
				250896.0
			],
			"source_node_id" : 13,
			"target_node_id" : 14,
			"transformation" : 
			[
				0.99997599413365645,
				0.0055429820604005527,
				-0.0041577044486850326,
				0.0,
				-0.0055467476138300539,
				0.99998421642925306,
				-0.00089469731267666967,
				0.0,
				0.0041526795341090645,
				0.00091773757192232022,
				0.99999095646432534,
				0.0,
				0.0029754998336216157,
				-0.0086228568973926861,
				0.0063657384268723648,
				1.0
			],
			"uncertain" : false,
			"version_major" : 1,
			"version_minor" : 0
		},
		{
			"class_name" : "PoseGraphEdge",
			"confidence" : 1.0,
			"information" : 
			[
				774979.84057178698,
				2439.3158798275017,
				-19086.634037559354,
				0.0,
				-425100.63611185551,
				-16816.757335720467,
				2439.3158798275017,
				808772.72572842846,
				45508.700838314668,
				425100.63611185551,
				0.0,
				871.56805298139807,
				-19086.634037559354,
				45508.700838314668,
				118223.0988013421,
				16816.757335720467,
				-871.56805298139807,
				0.0,
				0.0,
				425100.63611185551,
				16816.757335720467,
				252854.0,
				0.0,
				0.0,
				-425100.63611185551,
				0.0,
				-871.56805298139807,
				0.0,
				252854.0,
				0.0,
				-16816.757335720467,
				871.56805298139807,
				0.0,
				0.0,
				0.0,
				252854.0
			],
			"source_node_id" : 14,
			"target_node_id" : 15,
			"transformation" : 
			[
				0.99999247103571243,
				0.0034506941911144218,
				-0.0017749877436751833,
				0.0,
				-0.0034504643261073528,
				0.9999940383456718,
				0.00013254828639334322,
				0.0,
				0.0017754345454137179,
				-0.00012642275655320041,
				0.99999841592347605,
				0.0,
				0.0011674293397461108,
				-0.009389821850233156,
				0.0065611053207700071,
				1.0
			],
			"uncertain" : false,
			"version_major" : 1,
			"version_minor" : 0
		},
		{
			"class_name" : "PoseGraphEdge",
			"confidence" : 1.0,
			"information" : 
			[
				771266.65538381378,
				2090.573492465543,
				-19896.928042405547,
				0.0,
				-422644.21586620808,
				-17109.325344312587,
				2090.573492465543,
				804712.76288087922,
				46234.606130918102,
				422644.21586620808,
				0.0,
				503.11668449651916,
				-19896.928042405547,
				46234.606130918102,
				117987.04291152058,
				17109.325344312587,
				-503.11668449651916,
				0.0,
				0.0,
				422644.21586620808,
				17109.325344312587,
				251447.0,
				0.0,
				0.0,
				-422644.21586620808,
				0.0,
				-503.11668449651916,
				0.0,
				251447.0,
				0.0,
				-17109.325344312587,
				503.11668449651916,
				0.0,
				0.0,
				0.0,
				251447.0
			],
			"source_node_id" : 15,
			"target_node_id" : 16,
			"transformation" : 
			[
				0.99999720191770891,
				0.0022987563218657557,
				-0.00055845870493253938,
				0.0,
				-0.0022979986025328273,
				0.99999644337224369,
				0.0013536784276214466,
				0.0,
				0.00056156849554607664,
				-0.0013523913025943054,
				0.99999892783871991,
				0.0,
				0.0054418578944628359,
				-0.010067151598182986,
				0.0059071599241537487,
				1.0
			],
			"uncertain" : false,
			"version_major" : 1,
			"version_minor" : 0
		},
		{
			"class_name" : "PoseGraphEdge",
			"confidence" : 1.0,
			"information" : 
			[
				769316.25286419701,
				1387.7023043077786,
				-20613.954447659828,
				0.0,
				-421954.83002758026,
				-16574.296156639233,
				1387.7023043077786,
				802315.20303780015,
				45566.690149015587,
				421954.83002758026,
				0.0,
				-73.220833388506435,
				-20613.954447659828,
				45566.690149015587,
				117834.94065441242,
				16574.296156639233,
				73.220833388506435,
				0.0,
				0.0,
				421954.83002758026,
				16574.296156639233,
				251522.0,
				0.0,
				0.0,
				-421954.83002758026,
				0.0,
				73.220833388506435,
				0.0,
				251522.0,
				0.0,
				-16574.296156639233,
				-73.220833388506435,
				0.0,
				0.0,
				0.0,
				251522.0
			],
			"source_node_id" : 16,
			"target_node_id" : 17,
			"transformation" : 
			[
				0.9999822510727403,
				0.0036496991022013834,
				-0.0047092712768299428,
				0.0,
				-0.0036273480824296927,
				0.99998215867078399,
				0.0047460179106044113,
				0.0,
				0.0047265087944780926,
				-0.0047288515077420976,
				0.99997764878922779,
				0.0,
				0.00031933316441853493,
				-0.006393197463837731,
				0.0072478619094018381,
				1.0
			],
			"uncertain" : false,
			"version_major" : 1,
			"version_minor" : 0
		},
		{
			"class_name" : "PoseGraphEdge",
			"confidence" : 1.0,
			"information" : 
			[
				775035.11977310351,
				1275.9572600443071,
				-20662.504998806748,
				0.0,
				-424755.85569262505,
				-16533.53469681344,
				1275.9572600443071,
				808658.2595982122,
				46085.807552071798,
				424755.85569262505,
				0.0,
				278.00910334207583,
				-20662.504998806748,
				46085.807552071798,
				119371.40347080455,
				16533.53469681344,
				-278.00910334207583,
				0.0,
				0.0,
				424755.85569262505,
				16533.53469681344,
				253338.0,
				0.0,
				0.0,
				-424755.85569262505,
				0.0,
				-278.00910334207583,
				0.0,
				253338.0,
				0.0,
				-16533.53469681344,
				278.00910334207583,
				0.0,
				0.0,
				0.0,
				253338.0
			],
			"source_node_id" : 17,
			"target_node_id" : 18,
			"transformation" : 
			[
				0.99999811600369015,
				0.00064828709635168715,
				-0.0018296756299960304,
				0.0,
				-0.00064462796130593312,
				0.99999779269791456,
				0.0019997635083560898,
				0.0,
				0.0018309680122274225,
				-0.0019985802807378074,
				0.99999632660975291,
				0.0,
				-4.8731610152816934e-06,
				-0.0072723490524561861,
				0.0066301665115632387,
				1.0
			],
			"uncertain" : false,
			"version_major" : 1,
			"version_minor" : 0
		},
		{
			"class_name" : "PoseGraphEdge",
			"confidence" : 1.0,
			"information" : 
			[
				774655.01878936973,
				1583.3373092085615,
				-20092.654475762916,
				0.0,
				-423872.30129873753,
				-17590.293886571191,
				1583.3373092085615,
				808268.98860053904,
				48292.953854362102,
				423872.30129873753,
				0.0,
				874.11890514451079,
				-20092.654475762916,
				48292.953854362102,
				118912.94029431592,
				17590.293886571191,
				-874.11890514451079,
				0.0,
				0.0,
				423872.30129873753,
				17590.293886571191,
				252595.0,
				0.0,
				0.0,
				-423872.30129873753,
				0.0,
				-874.11890514451079,
				0.0,
				252595.0,
				0.0,
				-17590.293886571191,
				874.11890514451079,
				0.0,
				0.0,
				0.0,
				252595.0
			],
			"source_node_id" : 18,
			"target_node_id" : 19,
			"transformation" : 
			[
				0.99998522135961576,
				0.0053695091149550843,
				-0.00085172426530853349,
				0.0,
				-0.0053683512173308646,
				0.99998467093794674,
				0.0013559846360365448,
				0.0,
				0.00085899218103735518,
				-0.0013513922414307431,
				0.99999871793489936,
				0.0,
				-0.0012090517284089981,
				-0.0091546352589080924,
				0.0077790016036036313,
				1.0
			],
			"uncertain" : false,
			"version_major" : 1,
			"version_minor" : 0
		},
		{
			"class_name" : "PoseGraphEdge",
			"confidence" : 1.0,
			"information" : 
			[
				768778.19830223976,
				1136.5838874795038,
				-18193.924360316283,
				0.0,
				-417203.5914286375,
				-21810.617287626374,
				1136.5838874795038,
				801634.98124691891,
				55263.243159557685,
				417203.5914286375,
				0.0,
				2203.5706711973762,
				-18193.924360316283,
				55263.243159557685,
				116005.21488355343,
				21810.617287626374,
				-2203.5706711973762,
				0.0,
				0.0,
				417203.5914286375,
				21810.617287626374,
				246540.0,
				0.0,
				0.0,
				-417203.5914286375,
				0.0,
				-2203.5706711973762,
				0.0,
				246540.0,
				0.0,
				-21810.617287626374,
				2203.5706711973762,
				0.0,
				0.0,
				0.0,
				246540.0
			],
			"source_node_id" : 19,
			"target_node_id" : 20,
			"transformation" : 
			[
				0.99999341200266123,
				0.0036297217022072817,
				-3.2735914398074868e-05,
				0.0,
				-0.003629238197496781,
				0.99994705109195747,
				0.0096293116370194682,
				0.0,
				6.7685902493360792e-05,
				-0.009629129392709072,
				0.99995363656809477,
				0.0,
				-0.0041942501411787476,
				-0.026837697587076541,
				0.022742523590253409,
				1.0
			],
			"uncertain" : false,
			"version_major" : 1,
			"version_minor" : 0
		},
		{
			"class_name" : "PoseGraphEdge",
			"confidence" : 1.0,
			"information" : 
			[
				778720.63390811987,
				298.16446555443844,
				-21598.236535014934,
				0.0,
				-422297.32231783867,
				-18202.765585411806,
				298.16446555443844,
				811472.00475612003,
				50955.289901135671,
				422297.32231783867,
				0.0,
				1339.0816623644205,
				-21598.236535014934,
				50955.289901135671,
				120709.95093186485,
				18202.765585411806,
				-1339.0816623644205,
				0.0,
				0.0,
				422297.32231783867,
				18202.765585411806,
				251338.0,
				0.0,
				0.0,
				-422297.32231783867,
				0.0,
				-1339.0816623644205,
				0.0,
				251338.0,
				0.0,
				-18202.765585411806,
				1339.0816623644205,
				0.0,
				0.0,
				0.0,
				251338.0
			],
			"source_node_id" : 20,
			"target_node_id" : 21,
			"transformation" : 
			[
				0.99998625790223128,
				0.0031163551739897821,
				0.0042157249816526547,
				0.0,
				-0.0031229029120335827,
				0.99999392637297446,
				0.0015474800690405801,
				0.0,
				-0.0042108768793916677,
				-0.0015606241032397094,
				0.9999899164333178,
				0.0,
				0.0028416372370495091,
				-0.0082174425047215425,
				0.0070322197120208027,
				1.0
			],
			"uncertain" : false,
			"version_major" : 1,
			"version_minor" : 0
		},
		{
			"class_name" : "PoseGraphEdge",
			"confidence" : 1.0,
			"information" : 
			[
				781994.66428638785,
				-472.30971505868018,
				-25709.061637424045,
				0.0,
				-423161.95347642899,
				-18408.245603992138,
				-472.30971505868018,
				815766.46390917152,
				51487.790814993685,
				423161.95347642899,
				0.0,
				-766.42264679446816,
				-25709.061637424045,
				51487.790814993685,
				122138.89331934511,
				18408.245603992138,
				766.42264679446816,
				0.0,
				0.0,
				423161.95347642899,
				18408.245603992138,
				251655.0,
				0.0,
				0.0,
				-423161.95347642899,
				0.0,
				766.42264679446816,
				0.0,
				251655.0,
				0.0,
				-18408.245603992138,
				-766.42264679446816,
				0.0,
				0.0,
				0.0,
				251655.0
			],
			"source_node_id" : 21,
			"target_node_id" : 22,
			"transformation" : 
			[
				0.9999962689519869,
				-0.0027212161988985871,
				0.00023888177774711807,
				0.0,
				0.0027206018417255486,
				0.9999930847045605,
				0.0025355213816478641,
				0.0,
				-0.00024577982766544319,
				-0.0025348620192913607,
				0.99999675702815172,
				0.0,
				0.0013108158048207186,
				-0.012687757070059707,
				0.0072585316875833127,
				1.0
			],
			"uncertain" : false,
			"version_major" : 1,
			"version_minor" : 0
		},
		{
			"class_name" : "PoseGraphEdge",
			"confidence" : 1.0,
			"information" : 
			[
				779239.80703734001,
				-403.59651153004779,
				-26527.851354601826,
				0.0,
				-421685.1470528245,
				-18589.552017411217,
				-403.59651153004779,
				812806.79321869148,
				52350.442707251983,
				421685.1470528245,
				0.0,
				-1081.1019815993495,
				-26527.851354601826,
				52350.442707251983,
				121928.19772614067,
				18589.552017411217,
				1081.1019815993495,
				0.0,
				0.0,
				421685.1470528245,
				18589.552017411217,
				251296.0,
				0.0,
				0.0,
				-421685.1470528245,
				0.0,
				1081.1019815993495,
				0.0,
				251296.0,
				0.0,
				-18589.552017411217,
				-1081.1019815993495,
				0.0,
				0.0,
				0.0,
				251296.0
			],
			"source_node_id" : 22,
			"target_node_id" : 23,
			"transformation" : 
			[
				0.99999646789577679,
				0.00206668357143422,
				-0.0016712315777867564,
				0.0,
				-0.0020553691548023567,
				0.99997514854634251,
				0.0067437191043621539,
				0.0,
				0.0016851271787360045,
				-0.0067402602870079041,
				0.99997586432756203,
				0.0,
				-0.0014243753631075894,
				-0.0056616793060345529,
				0.0076472079405360861,
				1.0
			],
			"uncertain" : false,
			"version_major" : 1,
			"version_minor" : 0
		},
		{
			"class_name" : "PoseGraphEdge",
			"confidence" : 1.0,
			"information" : 
			[
				781531.06265475333,
				-622.50801205694393,
				-26986.588903306154,
				0.0,
				-422560.27622771263,
				-18340.751201955485,
				-622.50801205694393,
				814881.45783137111,
				52658.864615309496,
				422560.27622771263,
				0.0,
				-1157.9555754265748,
				-26986.588903306154,
				52658.864615309496,
				122822.69533729425,
				18340.751201955485,
				1157.9555754265748,
				0.0,
				0.0,
				422560.27622771263,
				18340.751201955485,
				252214.0,
				0.0,
				0.0,
				-422560.27622771263,
				0.0,
				1157.9555754265748,
				0.0,
				252214.0,
				0.0,
				-18340.751201955485,
				-1157.9555754265748,
				0.0,
				0.0,
				0.0,
				252214.0
			],
			"source_node_id" : 23,
			"target_node_id" : 24,
			"transformation" : 
			[
				0.99999184209299252,
				0.0035800476557298531,
				-0.0018705630825441922,
				0.0,
				-0.0035761540472883961,
				0.99999144080213187,
				0.0020807317719886732,
				0.0,
				0.001877996190927153,
				-0.0020740253758340177,
				0.99999608576686316,
				0.0,
				-0.0024378449419018575,
				-0.0070902317991966462,
				0.0074112270162173888,
				1.0
			],
			"uncertain" : false,
			"version_major" : 1,
			"version_minor" : 0
		},
		{
			"class_name" : "PoseGraphEdge",
			"confidence" : 1.0,
			"information" : 
			[
				784592.56236442889,
				-862.59018905425523,
				-26540.080043387734,
				0.0,
				-423509.29333877563,
				-18580.496723735239,
				-862.59018905425523,
				817949.26045125886,
				53683.175714545454,
				423509.29333877563,
				0.0,
				-849.538389114663,
				-26540.080043387734,
				53683.175714545454,
				123330.25249002728,
				18580.496723735239,
				849.538389114663,
				0.0,
				0.0,
				423509.29333877563,
				18580.496723735239,
				252704.0,
				0.0,
				0.0,
				-423509.29333877563,
				0.0,
				849.538389114663,
				0.0,
				252704.0,
				0.0,
				-18580.496723735239,
				-849.538389114663,
				0.0,
				0.0,
				0.0,
				252704.0
			],
			"source_node_id" : 24,
			"target_node_id" : 25,
			"transformation" : 
			[
				0.99999618367581589,
				-0.0025392639268492934,
				-0.0010884725601960526,
				0.0,
				0.0025400455487212125,
				0.99999651681094759,
				0.00071731066039331531,
				0.0,
				0.0010866473277560676,
				-0.00072007269278472497,
				0.99999915034609066,
				0.0,
				-0.000912036441916576,
				-0.0080017710718095943,
				0.0083164540482019746,
				1.0
			],
			"uncertain" : false,
			"version_major" : 1,
			"version_minor" : 0
		},
		{
			"class_name" : "PoseGraphEdge",
			"confidence" : 1.0,
			"information" : 
			[
				789960.29094025982,
				-1395.3669084105579,
				-25876.815049091663,
				0.0,
				-425749.22375017405,
				-18629.220440801233,
				-1395.3669084105579,
				823924.47764003696,
				54243.823874523398,
				425749.22375017405,
				0.0,
				-341.3816172783263,
				-25876.815049091663,
				54243.823874523398,
				124542.91267142181,
				18629.220440801233,
				341.3816172783263,
				0.0,
				0.0,
				425749.22375017405,
				18629.220440801233,
				253936.0,
				0.0,
				0.0,
				-425749.22375017405,
				0.0,
				341.3816172783263,
				0.0,
				253936.0,
				0.0,
				-18629.220440801233,
				-341.3816172783263,
				0.0,
				0.0,
				0.0,
				253936.0
			],
			"source_node_id" : 25,
			"target_node_id" : 26,
			"transformation" : 
			[
				0.99998058194545447,
				-0.0056053045056038637,
				-0.0027232872469737362,
				0.0,
				0.0056085933353119269,
				0.99998354985978244,
				0.0012015367770952326,
				0.0,
				0.0027165074690063719,
				-0.0012167872562920748,
				0.99999556999815931,
				0.0,
				-0.0070897302994026631,
				-0.007773388721161012,
				0.0081908995789336907,
				1.0
			],
			"uncertain" : false,
			"version_major" : 1,
			"version_minor" : 0
		},
		{
			"class_name" : "PoseGraphEdge",
			"confidence" : 1.0,
			"information" : 
			[
				795258.32631243416,
				-1617.0932848386135,
				-26049.864793279783,
				0.0,
				-427218.4661642313,
				-18334.382885183324,
				-1617.0932848386135,
				828779.99222058174,
				54490.940203992606,
				427218.4661642313,
				0.0,
				-268.85177376586944,
				-26049.864793279783,
				54490.940203992606,
				125341.91864824363,
				18334.382885183324,
				268.85177376586944,
				0.0,
				0.0,
				427218.4661642313,
				18334.382885183324,
				254477.0,
				0.0,
				0.0,
				-427218.4661642313,
				0.0,
				268.85177376586944,
				0.0,
				254477.0,
				0.0,
				-18334.382885183324,
				-268.85177376586944,
				0.0,
				0.0,
				0.0,
				254477.0
			],
			"source_node_id" : 26,
			"target_node_id" : 27,
			"transformation" : 
			[
				0.99999513465026202,
				-0.0020947535856146947,
				0.0023114245004228506,
				0.0,
				0.0021005144714028065,
				0.99999468701268113,
				-0.0024927465503458575,
				0.0,
				-0.0023061905300794301,
				0.0024975896028747741,
				0.99999422174901365,
				0.0,
				-0.0027999857355561005,
				-0.0095558465993228429,
				0.0070418754434388997,
				1.0
			],
			"uncertain" : false,
			"version_major" : 1,
			"version_minor" : 0
		},
		{
			"class_name" : "PoseGraphEdge",
			"confidence" : 1.0,
			"information" : 
			[
				784947.06446786865,
				-1570.0893787334196,
				-25959.945061250397,
				0.0,
				-421036.23978203535,
				-19148.864560336689,
				-1570.0893787334196,
				817847.66996467055,
				56129.352516670428,
				421036.23978203535,
				0.0,
				-341.17797300650273,
				-25959.945061250397,
				56129.352516670428,
				123592.97933706411,
				19148.864560336689,
				341.17797300650273,
				0.0,
				0.0,
				421036.23978203535,
				19148.864560336689,
				250787.0,
				0.0,
				0.0,
				-421036.23978203535,
				0.0,
				341.17797300650273,
				0.0,
				250787.0,
				0.0,
				-19148.864560336689,
				-341.17797300650273,
				0.0,
				0.0,
				0.0,
				250787.0
			],
			"source_node_id" : 27,
			"target_node_id" : 28,
			"transformation" : 
			[
				0.99999674220535784,
				-0.0020420556142831401,
				-0.0015315311096053348,
				0.0,
				0.0020379467124018113,
				0.99999433310560759,
				-0.0026796510720297371,
				0.0,
				0.0015369944270962374,
				0.002676521163487074,
				0.9999952369299524,
				0.0,
				-0.00051414470999036513,
				-0.015965766378148134,
				0.0065769303596530338,
				1.0
			],
			"uncertain" : false,
			"version_major" : 1,
			"version_minor" : 0
		},
		{
			"class_name" : "PoseGraphEdge",
			"confidence" : 1.0,
			"information" : 
			[
				778682.51407558843,
				-1700.8409294176111,
				-26339.352518771651,
				0.0,
				-418208.99687671661,
				-19795.537344690296,
				-1700.8409294176111,
				811534.12225549505,
				57490.644525804819,
				418208.99687671661,
				0.0,
				-649.74882162705762,
				-26339.352518771651,
				57490.644525804819,
				122509.38309659892,
				19795.537344690296,
				649.74882162705762,
				0.0,
				0.0,
				418208.99687671661,
				19795.537344690296,
				249794.0,
				0.0,
				0.0,
				-418208.99687671661,
				0.0,
				649.74882162705762,
				0.0,
				249794.0,
				0.0,
				-19795.537344690296,
				-649.74882162705762,
				0.0,
				0.0,
				0.0,
				249794.0
			],
			"source_node_id" : 28,
			"target_node_id" : 29,
			"transformation" : 
			[
				0.99998873116752451,
				-0.0018349561176319738,
				-0.0043784099865955889,
				0.0,
				0.0018554358325449025,
				0.99998733692708286,
				0.0046779635902496749,
				0.0,
				0.0043697706845626759,
				-0.0046860347338403543,
				0.99997947288063715,
				0.0,
				-0.0044778561919290574,
				-0.010431238988912071,
				0.0078339508605085525,
				1.0
			],
			"uncertain" : false,
			"version_major" : 1,
			"version_minor" : 0
		},
		{
			"class_name" : "PoseGraphEdge",
			"confidence" : 1.0,
			"information" : 
			[
				780703.34146168595,
				-2116.9116791833294,
				-28288.891245425966,
				0.0,
				-419933.19008457661,
				-19637.832463086583,
				-2116.9116791833294,
				814397.64911283914,
				57773.807966900458,
				419933.19008457661,
				0.0,
				-1499.7680892894277,
				-28288.891245425966,
				57773.807966900458,
				123631.85386649726,
				19637.832463086583,
				1499.7680892894277,
				0.0,
				0.0,
				419933.19008457661,
				19637.832463086583,
				251815.0,
				0.0,
				0.0,
				-419933.19008457661,
				0.0,
				1499.7680892894277,
				0.0,
				251815.0,
				0.0,
				-19637.832463086583,
				-1499.7680892894277,
				0.0,
				0.0,
				0.0,
				251815.0
			],
			"source_node_id" : 29,
			"target_node_id" : 30,
			"transformation" : 
			[
				0.99999861220335273,
				0.0010235781227102836,
				-0.0013144881878540185,
				0.0,
				-0.0010171909177393527,
				0.99998771846590051,
				0.0048505917165117029,
				0.0,
				0.0013194370034857377,
				-0.0048492478994306186,
				0.99998737186066733,
				0.0,
				-0.002813664098374699,
				-0.0077234659643516633,
				0.0059988554940762009,
				1.0
			],
			"uncertain" : false,
			"version_major" : 1,
			"version_minor" : 0
		},
		{
			"class_name" : "PoseGraphEdge",
			"confidence" : 1.0,
			"information" : 
			[
				780283.98317942,
				-2296.5254973121628,
				-28262.427693011359,
				0.0,
				-419841.30518954992,
				-19571.385831650463,
				-2296.5254973121628,
				813878.02659448027,
				58189.223748661308,
				419841.30518954992,
				0.0,
				-1228.2382597597316,
				-28262.427693011359,
				58189.223748661308,
				123917.84625903965,
				19571.385831650463,
				1228.2382597597316,
				0.0,
				0.0,
				419841.30518954992,
				19571.385831650463,
				252476.0,
				0.0,
				0.0,
				-419841.30518954992,
				0.0,
				1228.2382597597316,
				0.0,
				252476.0,
				0.0,
				-19571.385831650463,
				-1228.2382597597316,
				0.0,
				0.0,
				0.0,
				252476.0
			],
			"source_node_id" : 30,
			"target_node_id" : 31,
			"transformation" : 
			[
				0.99999160258825148,
				0.0038078778127855215,
				0.0015148661799896448,
				0.0,
				-0.0038135578644887956,
				0.99998564259177025,
				0.0037644902363238074,
				0.0,
				-0.0015005097115901402,
				-0.003770235654183619,
				0.99999176686296609,
				0.0,
				-0.0021732963980833171,
				-0.0057690724065147629,
				0.006514197599952273,
				1.0
			],
			"uncertain" : false,
			"version_major" : 1,
			"version_minor" : 0
		},
		{
			"class_name" : "PoseGraphEdge",
			"confidence" : 1.0,
			"information" : 
			[
				778808.73939516814,
				-2700.8761609874414,
				-30472.569260996759,
				0.0,
				-418688.40116339922,
				-19635.279474662035,
				-2700.8761609874414,
				812247.02932477428,
				58570.356333091338,
				418688.40116339922,
				0.0,
				-2239.389911981707,
				-30472.569260996759,
				58570.356333091338,
				124090.5031188353,
				19635.279474662035,
				2239.389911981707,
				0.0,
				0.0,
				418688.40116339922,
				19635.279474662035,
				252215.0,
				0.0,
				0.0,
				-418688.40116339922,
				0.0,
				2239.389911981707,
