{
	"class_name" : "PoseGraph",
	"edges" : 
	[
		{
			"class_name" : "PoseGraphEdge",
			"confidence" : 1.0,
			"information" : 
			[
				767039.18627037865,
				11112.681251322785,
				30193.264287794616,
				0.0,
				-417067.96716159582,
				-26140.167041159002,
				11112.681251322785,
				802131.00364861824,
				75358.284912547839,
				417067.96716159582,
				0.0,
				16117.744724121643,
				30193.264287794616,
				75358.284912547839,
				120921.34823704866,
				26140.167041159002,
				-16117.744724121643,
				0.0,
				0.0,
				417067.96716159582,
				26140.167041159002,
				262324.0,
				0.0,
				0.0,
				-417067.96716159582,
				0.0,
				-16117.744724121643,
				0.0,
				262324.0,
				0.0,
				-26140.167041159002,
				16117.744724121643,
				0.0,
				0.0,
				0.0,
				262324.0
			],
			"source_node_id" : 0,
			"target_node_id" : 1,
			"transformation" : 
			[
				0.99999143086905018,
				-0.00036910814600603082,
				-0.0041233418055642923,
				0.0,
				0.00036776154629639222,
				0.99999987880222629,
				-0.00032733312809019559,
				0.0,
				0.0041234621271484815,
				0.0003258139165714317,
				0.9999914454160983,
				0.0,
				-0.0045304889198279543,
				-0.0053027373649965565,
				0.0078076947452945548,
				1.0
			],
			"uncertain" : false,
			"version_major" : 1,
			"version_minor" : 0
		},
		{
			"class_name" : "PoseGraphEdge",
			"confidence" : 1.0,
			"information" : 
			[
				767890.76959061949,
				10982.260908103497,
				31675.85017874511,
				0.0,
				-416777.5590262413,
				-26267.173882546369,
				10982.260908103497,
				802909.6508623187,
				75918.528305279004,
				416777.5590262413,
				0.0,
				16625.052519410383,
				31675.85017874511,
				75918.528305279004,
				120985.03298612608,
				26267.173882546369,
				-16625.052519410383,
				0.0,
				0.0,
				416777.5590262413,
				26267.173882546369,
				262138.0,
				0.0,
				0.0,
				-416777.5590262413,
				0.0,
				-16625.052519410383,
				0.0,
				262138.0,
				0.0,
				-26267.173882546369,
				16625.052519410383,
				0.0,
				0.0,
				0.0,
				262138.0
			],
			"source_node_id" : 1,
			"target_node_id" : 2,
			"transformation" : 
			[
				0.99999151362629568,
				-0.0016616109729081386,
				-0.0037698440771936387,
				0.0,
				0.0016658948189347508,
				0.99999796999503388,
				0.001133490301363303,
				0.0,
				0.0037679530044690125,
				-0.0011397608458574026,
				0.99999225170766692,
				0.0,
				-0.0038888223201064618,
				-0.0030159100921647373,
				0.0077541693381194638,
				1.0
			],
			"uncertain" : false,
			"version_major" : 1,
			"version_minor" : 0
		},
		{
			"class_name" : "PoseGraphEdge",
			"confidence" : 1.0,
			"information" : 
			[
				766244.41355017317,
				10532.656717430842,
				32678.66592021611,
				0.0,
				-414229.78955233097,
				-27760.903762840084,
				10532.656717430842,
				800309.63409159507,
				78205.316017677746,
				414229.78955233097,
				0.0,
				16470.090407904587,
				32678.66592021611,
				78205.316017677746,
				119041.46640511736,
				27760.903762840084,
				-16470.090407904587,
				0.0,
				0.0,
				414229.78955233097,
				27760.903762840084,
				259635.0,
				0.0,
				0.0,
				-414229.78955233097,
				0.0,
				-16470.090407904587,
				0.0,
				259635.0,
				0.0,
				-27760.903762840084,
				16470.090407904587,
				0.0,
				0.0,
				0.0,
				259635.0
			],
			"source_node_id" : 2,
			"target_node_id" : 3,
			"transformation" : 
			[
				0.99995021228201142,
				0.002478190085617712,
				-0.0096659987099776048,
				0.0,
				-0.0024640258497140668,
				0.99999587351409736,
				0.0014770008086779165,
				0.0,
				0.009669619112130717,
				-0.0014531100014934959,
				0.99995219232598775,
				0.0,
				-0.0080019876951357878,
				-0.011159191148049051,
				0.014644802504151197,
				1.0
			],
			"uncertain" : false,
			"version_major" : 1,
			"version_minor" : 0
		},
		{
			"class_name" : "PoseGraphEdge",
			"confidence" : 1.0,
			"information" : 
			[
				764264.82727272087,
				10355.43951112188,
				35153.238162991518,
				0.0,
				-413824.31382852793,
				-26928.234089080826,
				10355.43951112188,
				798725.85115255113,
				77680.551039034748,
				413824.31382852793,
				0.0,
				17542.769045957364,
				35153.238162991518,
				77680.551039034748,
				119851.16998679891,
				26928.234089080826,
				-17542.769045957364,
				0.0,
				0.0,
				413824.31382852793,
				26928.234089080826,
				260996.0,
				0.0,
				0.0,
				-413824.31382852793,
				0.0,
				-17542.769045957364,
				0.0,
				260996.0,
				0.0,
				-26928.234089080826,
				17542.769045957364,
				0.0,
				0.0,
				0.0,
				260996.0
			],
			"source_node_id" : 3,
			"target_node_id" : 4,
			"transformation" : 
			[
				0.99998038534445466,
				0.0025926463059241173,
				-0.0057015008101875646,
				0.0,
				-0.0025789496389752322,
				0.99999377445651494,
				0.0024083328201703201,
				0.0,
				0.0057077092704359888,
				-0.0023935816980955606,
				0.99998084622733585,
				0.0,
				-0.0048919638871067431,
				-0.0042414454473120146,
				0.0074535575435553288,
				1.0
			],
			"uncertain" : false,
			"version_major" : 1,
			"version_minor" : 0
		},
		{
			"class_name" : "PoseGraphEdge",
			"confidence" : 1.0,
			"information" : 
			[
				766797.50269704929,
				10345.524874088269,
				35689.932020816683,
				0.0,
				-414638.620703578,
				-27387.294366255635,
				10345.524874088269,
				801430.78217797633,
				78999.728437874524,
				414638.620703578,
				0.0,
				17617.635869249585,
				35689.932020816683,
				78999.728437874524,
				120571.39451941915,
				27387.294366255635,
				-17617.635869249585,
				0.0,
				0.0,
				414638.620703578,
				27387.294366255635,
				261679.0,
				0.0,
				0.0,
				-414638.620703578,
				0.0,
				-17617.635869249585,
				0.0,
				261679.0,
				0.0,
				-27387.294366255635,
				17617.635869249585,
				0.0,
				0.0,
				0.0,
				261679.0
			],
			"source_node_id" : 4,
			"target_node_id" : 5,
			"transformation" : 
			[
				0.99998969195330734,
				0.0032217534715535323,
				-0.0031994205252947705,
				0.0,
				-0.0032181986323286827,
				0.99999419928265243,
				0.0011156157989060619,
				0.0,
				0.0032029962054336706,
				-0.0011053079283275652,
				0.99999425953836973,
				0.0,
				-0.0012428973718699872,
				-0.0049793381318223896,
				0.0069508023417944476,
				1.0
			],
			"uncertain" : false,
			"version_major" : 1,
			"version_minor" : 0
		},
		{
			"class_name" : "PoseGraphEdge",
			"confidence" : 1.0,
			"information" : 
			[
				764049.35702387325,
				10002.234526032393,
				35595.981486463977,
				0.0,
				-412859.7901493907,
				-27851.809852990787,
				10002.234526032393,
				797761.80800942716,
				79822.993135344645,
				412859.7901493907,
				0.0,
				17107.719627987652,
				35595.981486463977,
				79822.993135344645,
				119305.41680539772,
				27851.809852990787,
				-17107.719627987652,
				0.0,
				0.0,
				412859.7901493907,
				27851.809852990787,
				260755.0,
				0.0,
				0.0,
				-412859.7901493907,
				0.0,
				-17107.719627987652,
				0.0,
				260755.0,
				0.0,
				-27851.809852990787,
				17107.719627987652,
				0.0,
				0.0,
				0.0,
				260755.0
			],
			"source_node_id" : 5,
			"target_node_id" : 6,
			"transformation" : 
			[
				0.99996603974662757,
				0.0035039948442075917,
				-0.0074593145514483209,
				0.0,
				-0.003484941650979977,
				0.99999063601217253,
				0.0025657493368859263,
				0.0,
				0.0074682350749656397,
				-0.0025396669274202512,
				0.99996888729438094,
				0.0,
				-0.0028666647409241416,
				-0.0053914052231025314,
				0.007362422273695747,
				1.0
			],
			"uncertain" : false,
			"version_major" : 1,
			"version_minor" : 0
		},
		{
			"class_name" : "PoseGraphEdge",
			"confidence" : 1.0,
			"information" : 
			[
				763449.297060229,
				9741.2741698312821,
				37851.813085921945,
				0.0,
				-412479.34599483013,
				-27809.925228019361,
				9741.2741698312821,
				797476.47795746429,
				79969.942954103099,
				412479.34599483013,
				0.0,
				18151.789729992452,
				37851.813085921945,
				79969.942954103099,
				119516.55211339242,
				27809.925228019361,
				-18151.789729992452,
				0.0,
				0.0,
				412479.34599483013,
				27809.925228019361,
				260840.0,
				0.0,
				0.0,
				-412479.34599483013,
				0.0,
				-18151.789729992452,
				0.0,
				260840.0,
				0.0,
				-27809.925228019361,
				18151.789729992452,
				0.0,
				0.0,
				0.0,
				260840.0
			],
			"source_node_id" : 6,
			"target_node_id" : 7,
			"transformation" : 
			[
				0.99997751088549836,
				0.0038862469168415648,
				-0.0054657852266982348,
				0.0,
				-0.0038715101616140714,
				0.99998884933736842,
				0.0027041837945520732,
				0.0,
				0.0054762334055053052,
				-0.002682962136806724,
				0.9999814061180643,
				0.0,
				-0.0027244602335668743,
				-0.0048362602613422944,
				0.0074195363852110749,
				1.0
			],
			"uncertain" : false,
			"version_major" : 1,
			"version_minor" : 0
		},
		{
			"class_name" : "PoseGraphEdge",
			"confidence" : 1.0,
			"information" : 
			[
				752007.10138948378,
				8897.2903627453779,
				36464.200047899474,
				0.0,
				-405701.26688814163,
				-28784.474731221329,
				8897.2903627453779,
				783359.11272404494,
				80897.200237293931,
				405701.26688814163,
				0.0,
				16384.327413119783,
				36464.200047899474,
				80897.200237293931,
				114620.66218128525,
				28784.474731221329,
				-16384.327413119783,
				0.0,
				0.0,
				405701.26688814163,
				28784.474731221329,
				256380.0,
				0.0,
				0.0,
				-405701.26688814163,
				0.0,
				-16384.327413119783,
				0.0,
				256380.0,
				0.0,
				-28784.474731221329,
				16384.327413119783,
				0.0,
				0.0,
				0.0,
				256380.0
			],
			"source_node_id" : 7,
			"target_node_id" : 8,
			"transformation" : 
			[
				0.9998381610119339,
				0.0085483441342668089,
				-0.015829642978843976,
				0.0,
				-0.0084852468253026406,
				0.99995580249633942,
				0.0040489060516636956,
				0.0,
				0.015863554790437412,
				-0.0039139323529736097,
				0.99986650547107914,
				0.0,
				-0.001889889511602322,
				-0.013224597167632596,
				0.013761199662075285,
				1.0
			],
			"uncertain" : false,
			"version_major" : 1,
			"version_minor" : 0
		},
		{
			"class_name" : "PoseGraphEdge",
			"confidence" : 1.0,
			"information" : 
			[
				734450.8062043793,
				7624.7739825267363,
				38811.405164181517,
				0.0,
				-397818.0366936326,
				-29112.624242971302,
				7624.7739825267363,
				764708.00093112513,
				81007.982142380512,
				397818.0366936326,
				0.0,
				17051.644788228732,
				38811.405164181517,
				81007.982142380512,
				110962.9879523929,
				29112.624242971302,
				-17051.644788228732,
				0.0,
				0.0,
				397818.0366936326,
				29112.624242971302,
				253211.0,
				0.0,
				0.0,
				-397818.0366936326,
				0.0,
				-17051.644788228732,
				0.0,
				253211.0,
				0.0,
				-29112.624242971302,
				17051.644788228732,
				0.0,
				0.0,
				0.0,
				253211.0
			],
			"source_node_id" : 8,
			"target_node_id" : 9,
			"transformation" : 
			[
				0.99963823507247973,
				0.018122712351189077,
				-0.019873758532630018,
				0.0,
				-0.01789347933698111,
				0.99977199810520989,
				0.011652261665974764,
				0.0,
				0.020080397864441209,
				-0.011292435598725951,
				0.99973459403976528,
				0.0,
				-0.0068969364051754819,
				-0.012460280454265558,
				0.012709054413669908,
				1.0
			],
			"uncertain" : false,
			"version_major" : 1,
			"version_minor" : 0
		},
		{
			"class_name" : "PoseGraphEdge",
			"confidence" : 1.0,
			"information" : 
			[
				745888.99384603894,
				7701.7543928071227,
				44341.673889943064,
				0.0,
				-405210.09985518456,
				-28775.24660106306,
				7701.7543928071227,
				778376.36810768535,
				82332.41515271306,
				405210.09985518456,
				0.0,
				20332.705552820116,
				44341.673889943064,
				82332.41515271306,
				116633.67935842123,
				28775.24660106306,
				-20332.705552820116,
				0.0,
				0.0,
				405210.09985518456,
				28775.24660106306,
				259998.0,
				0.0,
				0.0,
				-405210.09985518456,
				0.0,
				-20332.705552820116,
				0.0,
				259998.0,
				0.0,
				-28775.24660106306,
				20332.705552820116,
				0.0,
				0.0,
				0.0,
				259998.0
			],
			"source_node_id" : 9,
			"target_node_id" : 10,
			"transformation" : 
			[
				0.99998789201285709,
				0.0045891305103610879,
				-0.0017764314911627975,
				0.0,
				-0.0045816283520254139,
				0.99998066548562892,
				0.0042044424793208166,
				0.0,
				0.0017956918799835115,
				-0.0041962526230999849,
				0.99998958342304489,
				0.0,
				0.0035302554486440086,
				-0.0070128719846666533,
				0.0062421503907485612,
				1.0
			],
			"uncertain" : false,
			"version_major" : 1,
			"version_minor" : 0
		},
		{
			"class_name" : "PoseGraphEdge",
			"confidence" : 1.0,
			"information" : 
			[
				738681.4026109085,
				7236.7168801997623,
				45126.776325133738,
				0.0,
				-402156.23732143641,
				-28733.801391989691,
				7236.7168801997623,
				769774.68961992546,
				82211.181065135184,
				402156.23732143641,
				0.0,
				20408.3072409124,
				45126.776325133738,
				82211.181065135184,
				114850.19690912489,
				28733.801391989691,
				-20408.3072409124,
				0.0,
				0.0,
				402156.23732143641,
				28733.801391989691,
				259168.0,
				0.0,
				0.0,
				-402156.23732143641,
				0.0,
				-20408.3072409124,
				0.0,
				259168.0,
				0.0,
				-28733.801391989691,
				20408.3072409124,
				0.0,
				0.0,
				0.0,
				259168.0
			],
			"source_node_id" : 10,
			"target_node_id" : 11,
			"transformation" : 
			[
				0.99995755975426748,
				0.002898522751899195,
				-0.0087451275660617132,
				0.0,
				-0.0028387810538576599,
				0.99997260399619692,
				0.00683612311142373,
				0.0,
				0.0087647026428868974,
				-0.0068110074822309305,
				0.99993839318462929,
				0.0,
				-0.0031695970816319227,
				-0.0039356485356130287,
				0.0064482287962431845,
				1.0
			],
			"uncertain" : false,
			"version_major" : 1,
			"version_minor" : 0
		},
		{
			"class_name" : "PoseGraphEdge",
			"confidence" : 1.0,
			"information" : 
			[
				739988.44942425145,
				6993.4620726095627,
				47532.817127234841,
				0.0,
				-403151.26307320595,
				-28504.596879753168,
				6993.4620726095627,
				771836.53943768691,
				82433.635424107779,
				403151.26307320595,
				0.0,
				21733.559415538737,
				47532.817127234841,
				82433.635424107779,
				116138.99072399209,
				28504.596879753168,
				-21733.559415538737,
				0.0,
				0.0,
				403151.26307320595,
				28504.596879753168,
				260490.0,
				0.0,
				0.0,
				-403151.26307320595,
				0.0,
				-21733.559415538737,
				0.0,
				260490.0,
				0.0,
				-28504.596879753168,
				21733.559415538737,
				0.0,
				0.0,
				0.0,
				260490.0
			],
			"source_node_id" : 11,
			"target_node_id" : 12,
			"transformation" : 
			[
				0.99997462960245476,
				0.0062338973900742103,
				-0.0034465453373499367,
				0.0,
				-0.0062222601415488094,
				0.99997493945757276,
				0.0033769713581510408,
				0.0,
				0.0034675106579902162,
				-0.0033554403813665533,
				0.99998835862708113,
				0.0,
				-0.0019035604392838175,
				-0.0029388075800891506,
				0.0060549978232606657,
				1.0
			],
			"uncertain" : false,
			"version_major" : 1,
			"version_minor" : 0
		},
		{
			"class_name" : "PoseGraphEdge",
			"confidence" : 1.0,
			"information" : 
			[
				741760.41348224296,
				6777.1581668232584,
				47229.129359963874,
				0.0,
				-403784.31363469362,
				-28792.814774507657,
				6777.1581668232584,
				773653.79641241359,
				83381.569144616413,
				403784.31363469362,
				0.0,
				21474.913581824105,
				47229.129359963874,
				83381.569144616413,
				116284.07559913481,
				28792.814774507657,
				-21474.913581824105,
				0.0,
				0.0,
				403784.31363469362,
				28792.814774507657,
				260985.0,
				0.0,
				0.0,
				-403784.31363469362,
				0.0,
				-21474.913581824105,
				0.0,
				260985.0,
				0.0,
				-28792.814774507657,
				21474.913581824105,
				0.0,
				0.0,
				0.0,
				260985.0
			],
			"source_node_id" : 12,
			"target_node_id" : 13,
			"transformation" : 
			[
				0.99995901576275337,
				0.008960539436996498,
				-0.0012944217951485807,
				0.0,
				-0.0089613357560904064,
				0.99995965993466618,
				-0.00061070845106535939,
				0.0,
				0.0012888973009285171,
				0.00062228316996164074,
				0.99999897575317775,
				0.0,
				0.0025575281099015708,
				-0.0074923347808267555,
				0.0060620878591033101,
				1.0
			],
			"uncertain" : false,
			"version_major" : 1,
			"version_minor" : 0
		},
		{
			"class_name" : "PoseGraphEdge",
			"confidence" : 1.0,
			"information" : 
			[
				737575.58982666978,
				6649.5174095108659,
				47152.644716259136,
				0.0,
				-401584.26739704609,
				-29534.364783153578,
				6649.5174095108659,
				768914.84332100453,
				84626.695097766482,
				401584.26739704609,
				0.0,
				21457.415236122033,
				47152.644716259136,
				84626.695097766482,
				115632.68896095216,
				29534.364783153578,
				-21457.415236122033,
				0.0,
				0.0,
				401584.26739704609,
				29534.364783153578,
				260003.0,
				0.0,
				0.0,
				-401584.26739704609,
				0.0,
				-21457.415236122033,
				0.0,
				260003.0,
				0.0,
				-29534.364783153578,
				21457.415236122033,
				0.0,
				0.0,
				0.0,
				260003.0
			],
			"source_node_id" : 13,
			"target_node_id" : 14,
			"transformation" : 
			[
				0.99997461847249347,
				0.0060301588623214563,
				-0.0037946798134618044,
				0.0,
				-0.0060259266006355517,
				0.99998121025849263,
				0.001125761326750724,
				0.0,
				0.0038013970320503699,
				-0.0011028662911798087,
				0.99999216650259237,
				0.0,
				8.4010811776938398e-05,
				-0.010878492621682459,
				0.0058231038526478903,
				1.0
			],
			"uncertain" : false,
			"version_major" : 1,
			"version_minor" : 0
		},
		{
			"class_name" : "PoseGraphEdge",
			"confidence" : 1.0,
			"information" : 
			[
				726206.413208212,
				5934.301540108132,
				50036.906881597621,
				0.0,
				-397269.6885342598,
				-29574.67164799181,
				5934.301540108132,
				757365.26200135041,
				84360.87276899573,
				397269.6885342598,
				0.0,
				22821.474545782199,
				50036.906881597621,
				84360.87276899573,
				114562.05745905013,
				29574.67164799181,
				-22821.474545782199,
				0.0,
				0.0,
				397269.6885342598,
				29574.67164799181,
				259101.0,
				0.0,
				0.0,
				-397269.6885342598,
				0.0,
				-22821.474545782199,
				0.0,
				259101.0,
				0.0,
				-29574.67164799181,
				22821.474545782199,
				0.0,
				0.0,
				0.0,
				259101.0
			],
			"source_node_id" : 14,
			"target_node_id" : 15,
			"transformation" : 
			[
				0.99999976869943497,
				-0.00019760425422016921,
				-0.00065080998317978771,
				0.0,
				0.00020241196708795488,
				0.99997263233022493,
				0.0073955135018738734,
				0.0,
				0.00064933078709697098,
				-0.0073956435230163216,
				0.99997244103345651,
				0.0,
				0.00055255953418708215,
				-0.0058290207739095752,
				0.0050085009179441789,
				1.0
			],
			"uncertain" : false,
			"version_major" : 1,
			"version_minor" : 0
		},
		{
			"class_name" : "PoseGraphEdge",
			"confidence" : 1.0,
			"information" : 
			[
				717434.72122685122,
				5529.9243249965421,
				50803.643332379303,
				0.0,
				-393813.54764473438,
				-29197.525302584982,
				5529.9243249965421,
				747219.2543255561,
				83778.152715299308,
				393813.54764473438,
				0.0,
				22839.493917543849,
				50803.643332379303,
				83778.152715299308,
				113083.91262225207,
				29197.525302584982,
				-22839.493917543849,
				0.0,
				0.0,
				393813.54764473438,
				29197.525302584982,
				258588.0,
				0.0,
				0.0,
				-393813.54764473438,
				0.0,
				-22839.493917543849,
				0.0,
				258588.0,
				0.0,
				-29197.525302584982,
				22839.493917543849,
				0.0,
				0.0,
				0.0,
				258588.0
			],
			"source_node_id" : 15,
			"target_node_id" : 16,
			"transformation" : 
			[
				0.99999650631001202,
				0.00032334303694012373,
				-0.0026235123500957681,
				0.0,
				-0.00030514147062100672,
				0.99997590397181446,
				0.0069352984388362914,
				0.0,
				0.0026256916143275314,
				-0.0069344736666368785,
				0.99997250903138013,
				0.0,
				0.0021531727926059939,
				-0.0035420375036945197,
				0.0048561709840225084,
				1.0
			],
			"uncertain" : false,
			"version_major" : 1,
			"version_minor" : 0
		},
		{
			"class_name" : "PoseGraphEdge",
			"confidence" : 1.0,
			"information" : 
			[
				716963.41553368862,
				5258.4310070136216,
				51484.73923138668,
				0.0,
				-394197.1634349823,
				-29022.893386915326,
				5258.4310070136216,
				745623.13739961968,
				83726.411395227216,
				394197.1634349823,
				0.0,
				22949.915318799613,
				51484.73923138668,
				83726.411395227216,
				112596.32150914299,
				29022.893386915326,
				-22949.915318799613,
				0.0,
				0.0,
				394197.1634349823,
				29022.893386915326,
				259648.0,
				0.0,
				0.0,
				-394197.1634349823,
				0.0,
				-22949.915318799613,
				0.0,
				259648.0,
				0.0,
				-29022.893386915326,
				22949.915318799613,
				0.0,
				0.0,
				0.0,
				259648.0
			],
			"source_node_id" : 16,
			"target_node_id" : 17,
			"transformation" : 
			[
				0.99998772044354933,
				-0.00060940322268171498,
				-0.0049180880253552953,
				0.0,
				0.0006299383489401665,
				0.99999108640183865,
				0.0041749604245640056,
				0.0,
				0.0049154999531576208,
				-0.0041780072501524327,
				0.99997919084130338,
				0.0,
				0.0016450763160115282,
				-0.0039985240976937583,
				0.0047565434866288642,
				1.0
			],
			"uncertain" : false,
			"version_major" : 1,
			"version_minor" : 0
		},
		{
			"class_name" : "PoseGraphEdge",
			"confidence" : 1.0,
			"information" : 
			[
				723983.81544737506,
				5209.6202669582572,
				51645.498208458535,
				0.0,
				-396951.57790780067,
				-29087.188029696117,
				5209.6202669582572,
				752229.45354897715,
				84571.564241940723,
				396951.57790780067,
				0.0,
				22847.935215352627,
				51645.498208458535,
				84571.564241940723,
				112993.12591054555,
				29087.188029696117,
				-22847.935215352627,
				0.0,
				0.0,
				396951.57790780067,
				29087.188029696117,
				260919.0,
				0.0,
				0.0,
				-396951.57790780067,
				0.0,
				-22847.935215352627,
				0.0,
				260919.0,
				0.0,
				-29087.188029696117,
				22847.935215352627,
				0.0,
				0.0,
				0.0,
				260919.0
			],
			"source_node_id" : 17,
			"target_node_id" : 18,
			"transformation" : 
			[
				0.99996218560024608,
				0.0059201106502811069,
				-0.0063702165949941708,
				0.0,
				-0.0059107661384800716,
				0.99998142903080955,
				0.0014847347089562573,
				0.0,
				0.0063788880876613843,
				-0.0014470257040599703,
				0.99997860772287372,
				0.0,
				-0.00089961600765221643,
				-0.004554583279313228,
				0.0097411148051891848,
				1.0
			],
			"uncertain" : false,
			"version_major" : 1,
			"version_minor" : 0
		},
		{
			"class_name" : "PoseGraphEdge",
			"confidence" : 1.0,
			"information" : 
			[
				727380.36002325371,
				5018.9852816632792,
				53707.498897455509,
				0.0,
				-398283.78673154116,
				-28229.262146795518,
				5018.9852816632792,
				756667.17588507885,
				83612.967779337254,
				398283.78673154116,
				0.0,
				24043.36658258806,
				53707.498897455509,
				83612.967779337254,
				114172.49348989685,
				28229.262146795518,
				-24043.36658258806,
				0.0,
				0.0,
				398283.78673154116,
				28229.262146795518,
				261425.0,
				0.0,
				0.0,
				-398283.78673154116,
				0.0,
				-24043.36658258806,
				0.0,
				261425.0,
				0.0,
				-28229.262146795518,
				24043.36658258806,
				0.0,
				0.0,
				0.0,
				261425.0
			],
			"source_node_id" : 18,
			"target_node_id" : 19,
			"transformation" : 
			[
				0.99999743355955129,
				0.0021729092932825417,
				-0.00064135755594817601,
				0.0,
				-0.0021750310980565416,
				0.99999210226555713,
				-0.0033263563000004415,
				0.0,
				0.00063412462015947544,
				0.0033277427357342412,
				0.99999426199066344,
				0.0,
				0.0041442220862560053,
				-0.0058432455449147786,
				0.0045977026773602525,
				1.0
			],
			"uncertain" : false,
			"version_major" : 1,
			"version_minor" : 0
		},
		{
			"class_name" : "PoseGraphEdge",
			"confidence" : 1.0,
			"information" : 
			[
				728139.11566604162,
				4977.6897370411625,
				53675.306053622226,
				0.0,
				-397616.8438321352,
				-29130.577756749757,
				4977.6897370411625,
				756606.51853089873,
				85126.165556922686,
				397616.8438321352,
				0.0,
				23888.964594133256,
				53675.306053622226,
				85126.165556922686,
				113951.65082212308,
				29130.577756749757,
				-23888.964594133256,
				0.0,
				0.0,
				397616.8438321352,
				29130.577756749757,
				260384.0,
				0.0,
				0.0,
				-397616.8438321352,
				0.0,
				-23888.964594133256,
				0.0,
				260384.0,
				0.0,
				-29130.577756749757,
				23888.964594133256,
				0.0,
				0.0,
				0.0,
				260384.0
			],
			"source_node_id" : 19,
			"target_node_id" : 20,
			"transformation" : 
			[
				0.99999193301711653,
				-0.00051098054728108489,
				-0.0039840682187365518,
				0.0,
				0.00051276696139635456,
				0.99999976846016914,
				0.0004473808799099891,
				0.0,
				0.0039838386933392098,
				-0.00044942016945060791,
				0.99999196349309571,
				0.0,
				0.0010613323604509073,
				-0.0061397279237750454,
				0.0049065127855054767,
				1.0
			],
			"uncertain" : false,
			"version_major" : 1,
			"version_minor" : 0
		},
		{
			"class_name" : "PoseGraphEdge",
			"confidence" : 1.0,
			"information" : 
			[
				726805.82070417912,
				4574.3169947389724,
				55890.761851416923,
				0.0,
				-397429.3287101984,
				-28711.217765502341,
				4574.3169947389724,
				755639.01669653843,
				84682.236778469538,
				397429.3287101984,
				0.0,
				25119.455023918941,
				55890.761851416923,
				84682.236778469538,
				114495.68475156056,
				28711.217765502341,
				-25119.455023918941,
				0.0,
				0.0,
				397429.3287101984,
				28711.217765502341,
				260886.0,
				0.0,
				0.0,
				-397429.3287101984,
				0.0,
				-25119.455023918941,
				0.0,
				260886.0,
				0.0,
				-28711.217765502341,
				25119.455023918941,
				0.0,
				0.0,
				0.0,
				260886.0
			],
			"source_node_id" : 20,
			"target_node_id" : 21,
			"transformation" : 
			[
				0.99999979385593152,
				0.00044773478396518301,
				-0.00046024086888065872,
				0.0,
				-0.00044644003089775369,
				0.99999595377327744,
				0.0028094711907949059,
				0.0,
				0.00046149690461842264,
				-0.0028092651416913666,
				0.99999594751677368,
				0.0,
				0.00013995546868599785,
				-0.0010084507856331702,
				0.0041563453323419071,
				1.0
			],
			"uncertain" : false,
			"version_major" : 1,
			"version_minor" : 0
		},
		{
			"class_name" : "PoseGraphEdge",
			"confidence" : 1.0,
			"information" : 
			[
				740005.14551683376,
				5098.1426262130699,
				53121.526726411699,
				0.0,
				-401604.27059412003,
				-28824.182632569806,
				5098.1426262130699,
				768245.86086960032,
				85444.73116612641,
				401604.27059412003,
				0.0,
				22917.664329266816,
				53121.526726411699,
				85444.73116612641,
				114099.50501891375,
				28824.182632569806,
				-22917.664329266816,
				0.0,
				0.0,
				401604.27059412003,
				28824.182632569806,
				261260.0,
				0.0,
				0.0,
				-401604.27059412003,
				0.0,
				-22917.664329266816,
				0.0,
				261260.0,
				0.0,
				-28824.182632569806,
				22917.664329266816,
				0.0,
				0.0,
				0.0,
				261260.0
			],
			"source_node_id" : 21,
			"target_node_id" : 22,
			"transformation" : 
			[
				0.99998889057519647,
				-0.0019150700500725391,
				-0.0043071142185039961,
				0.0,
				0.0018990388833372486,
				0.99999126629157664,
				-0.0037230353057843102,
				0.0,
				0.0043142064748337393,
				0.0037148145676276266,
				0.99998379375628943,
				0.0,
				0.0046460358087017121,
				-0.0086068779619999265,
				0.016773633597739715,
				1.0
			],
			"uncertain" : false,
			"version_major" : 1,
			"version_minor" : 0
		},
		{
			"class_name" : "PoseGraphEdge",
			"confidence" : 1.0,
			"information" : 
			[
				746594.54010488524,
				4770.3916542243533,
				57110.874688612617,
				0.0,
				-404050.17019230127,
				-27673.351519792457,
				4770.3916542243533,
				776303.90815305978,
				84570.227309056514,
				404050.17019230127,
				0.0,
				25584.094857493707,
				57110.874688612617,
				84570.227309056514,
				116458.88376877004,
				27673.351519792457,
				-25584.094857493707,
				0.0,
				0.0,
				404050.17019230127,
				27673.351519792457,
				262171.0,
				0.0,
				0.0,
				-404050.17019230127,
				0.0,
				-25584.094857493707,
				0.0,
				262171.0,
				0.0,
				-27673.351519792457,
				25584.094857493707,
				0.0,
				0.0,
				0.0,
				262171.0
			],
			"source_node_id" : 22,
			"target_node_id" : 23,
			"transformation" : 
			[
				0.99998640465013722,
				0.0051454765137491478,
				-0.00084533208697647872,
				0.0,
				-0.005148994284456092,
				0.9999778676757497,
				-0.0042133141965252155,
				0.0,
				0.00082363386856936275,
				0.0042176095251289418,
				0.99999076665594488,
				0.0,
				-0.001525780089155798,
				-0.0037114139349897742,
				0.0058065424068070035,
				1.0
			],
			"uncertain" : false,
			"version_major" : 1,
			"version_minor" : 0
		},
		{
			"class_name" : "PoseGraphEdge",
			"confidence" : 1.0,
			"information" : 
			[
				751866.70547584863,
				4855.6350953800775,
				57846.220573816921,
				0.0,
				-405159.84611707926,
				-28324.327907818253,
				4855.6350953800775,
				781289.1453255848,
				86273.719088939659,
				405159.84611707926,
				0.0,
				26204.742320207006,
				57846.220573816921,
				86273.719088939659,
				117485.76686395332,
				28324.327907818253,
				-26204.742320207006,
				0.0,
				0.0,
				405159.84611707926,
				28324.327907818253,
				261897.0,
				0.0,
				0.0,
				-405159.84611707926,
				0.0,
				-26204.742320207006,
				0.0,
				261897.0,
				0.0,
				-28324.327907818253,
				26204.742320207006,
				0.0,
				0.0,
				0.0,
				261897.0
			],
			"source_node_id" : 23,
			"target_node_id" : 24,
			"transformation" : 
			[
				0.99998336545240152,
				-0.0006650461720344818,
				0.0057294443079095045,
				0.0,
				0.00068177166865506086,
				0.99999551092309369,
				-0.0029177595945281271,
				0.0,
				-0.005727478143144127,
				0.0029216172317235419,
				0.9999793298598082,
				0.0,
				0.0018088476549080483,
				-0.0044066205342390107,
				0.0060954079226611625,
				1.0
			],
			"uncertain" : false,
			"version_major" : 1,
			"version_minor" : 0
		},
		{
			"class_name" : "PoseGraphEdge",
			"confidence" : 1.0,
			"information" : 
			[
				756638.44855950074,
				5485.9332431235998,
				57703.438820481904,
				0.0,
				-406068.24638611078,
				-27828.864836180699,
				5485.9332431235998,
				786361.03036589967,
				86037.694266343315,
				406068.24638611078,
				0.0,
				25938.128203403146,
				57703.438820481904,
				86037.694266343315,
				118375.63620581715,
				27828.864836180699,
				-25938.128203403146,
				0.0,
				0.0,
				406068.24638611078,
				27828.864836180699,
				261634.0,
				0.0,
				0.0,
				-406068.24638611078,
				0.0,
				-25938.128203403146,
				0.0,
				261634.0,
				0.0,
				-27828.864836180699,
				25938.128203403146,
				0.0,
				0.0,
				0.0,
				261634.0
			],
			"source_node_id" : 24,
			"target_node_id" : 25,
			"transformation" : 
			[
				0.99995657572147545,
				-0.0084969830464259027,
				0.0038272640997526293,
				0.0,
				0.0085042425464821551,
				0.99996206249795949,
				-0.0018845220980197373,
				0.0,
				-0.0038111061505955472,
				0.0019169882462010089,
				0.9999909002715841,
				0.0,
				0.00028944342100774355,
				0.00031979933830077932,
				0.0065436100424767834,
				1.0
			],
			"uncertain" : false,
			"version_major" : 1,
			"version_minor" : 0
		},
		{
			"class_name" : "PoseGraphEdge",
			"confidence" : 1.0,
			"information" : 
			[
				762545.77886325249,
				5347.5638652329471,
				57912.025919958462,
				0.0,
				-407365.28407996893,
				-27016.733558771026,
				5347.5638652329471,
				793658.69301990652,
				84997.781626072261,
				407365.28407996893,
				0.0,
				25864.898743305064,
				57912.025919958462,
				84997.781626072261,
				118845.03884538647,
				27016.733558771026,
				-25864.898743305064,
				0.0,
				0.0,
				407365.28407996893,
				27016.733558771026,
				260974.0,
				0.0,
				0.0,
				-407365.28407996893,
				0.0,
				-25864.898743305064,
				0.0,
				260974.0,
				0.0,
				-27016.733558771026,
				25864.898743305064,
				0.0,
				0.0,
				0.0,
				260974.0
			],
			"source_node_id" : 25,
			"target_node_id" : 26,
			"transformation" : 
			[
				0.99999393594549246,
				-0.00098308614608813441,
				0.0033409001587781997,
				0.0,
				0.0010032666774561036,
				0.99998123068145339,
				-0.0060441493015373077,
				0.0,
				-0.003334895532915657,
				0.0060474644632885037,
				0.99997615303833642,
				0.0,
				0.001090867212348052,
				-0.0010848977204099791,
				0.0069349996742655122,
				1.0
			],
			"uncertain" : false,
			"version_major" : 1,
			"version_minor" : 0
		},
		{
			"class_name" : "PoseGraphEdge",
			"confidence" : 1.0,
			"information" : 
			[
				775456.20118342736,
				5558.5059615120408,
				57556.650841671544,
				0.0,
				-411269.10346800089,
				-27231.831559562765,
				5558.5059615120408,
				807306.24836416857,
				86297.994206428615,
				411269.10346800089,
				0.0,
				25909.314225370181,
				57556.650841671544,
				86297.994206428615,
				120700.17321474759,
				27231.831559562765,
				-25909.314225370181,
				0.0,
				0.0,
				411269.10346800089,
				27231.831559562765,
				261265.0,
				0.0,
				0.0,
				-411269.10346800089,
				0.0,
				-25909.314225370181,
				0.0,
				261265.0,
				0.0,
				-27231.831559562765,
				25909.314225370181,
				0.0,
				0.0,
				0.0,
				261265.0
			],
			"source_node_id" : 26,
			"target_node_id" : 27,
			"transformation" : 
			[
				0.99998295564755058,
				0.0040683285572739366,
				0.0041877341293975025,
				0.0,
				-0.0040392703836802128,
				0.99996787002573762,
				-0.0069241036211909147,
				0.0,
				-0.0042157691061033191,
				0.0069070702138847914,
				0.99996725929997565,
				0.0,
				0.0006330636635808874,
				-0.0025619775002185879,
				0.0077206469217448925,
				1.0
			],
			"uncertain" : false,
			"version_major" : 1,
			"version_minor" : 0
		},
		{
			"class_name" : "PoseGraphEdge",
			"confidence" : 1.0,
			"information" : 
			[
				787413.69350362546,
				6108.5640236174704,
				55872.814422133466,
				0.0,
				-414572.21760106087,
				-28237.44938099524,
				6108.5640236174704,
				819732.37926064583,
				88938.233374272459,
				414572.21760106087,
				0.0,
				25153.943439845694,
				55872.814422133466,
				88938.233374272459,
				123053.47795112782,
				28237.44938099524,
				-25153.943439845694,
				0.0,
				0.0,
				414572.21760106087,
				28237.44938099524,
				261373.0,
				0.0,
				0.0,
				-414572.21760106087,
				0.0,
				-25153.943439845694,
				0.0,
				261373.0,
				0.0,
				-28237.44938099524,
				25153.943439845694,
				0.0,
				0.0,
				0.0,
				261373.0
			],
			"source_node_id" : 27,
			"target_node_id" : 28,
			"transformation" : 
			[
				0.99998552098536453,
				0.0012361160358773421,
				0.0052373501672138773,
				0.0,
				-0.0012089796728887168,
				0.99998584606053076,
				-0.0051813170868988756,
				0.0,
				-0.0052436807472147134,
				0.0051749102166409868,
				0.99997286168999144,
				0.0,
				0.0026540091422476695,
				-0.0030176175947559639,
				0.0072827185303255375,
				1.0
			],
			"uncertain" : false,
			"version_major" : 1,
			"version_minor" : 0
		},
		{
			"class_name" : "PoseGraphEdge",
			"confidence" : 1.0,
			"information" : 
			[
				798965.85043176357,
				6659.0587957360376,
				55668.636698295617,
				0.0,
				-418077.74936294556,
				-28523.49378714565,
				6659.0587957360376,
				831578.10831805971,
				90307.5994997776,
				418077.74936294556,
				0.0,
				25092.119004059175,
				55668.636698295617,
				90307.5994997776,
				125073.06739615295,
				28523.49378714565,
				-25092.119004059175,
				0.0,
				0.0,
				418077.74936294556,
				28523.49378714565,
				261915.0,
				0.0,
				0.0,
				-418077.74936294556,
				0.0,
				-25092.119004059175,
				0.0,
				261915.0,
				0.0,
				-28523.49378714565,
				25092.119004059175,
				0.0,
				0.0,
				0.0,
				261915.0
			],
			"source_node_id" : 28,
			"target_node_id" : 29,
			"transformation" : 
			[
				0.99998724301339126,
				-0.0036836634934696074,
				0.0034560720108182401,
				0.0,
				0.0036923382003095947,
				0.99999004080504195,
				-0.0025069761355608951,
				0.0,
				-0.0034468027346537321,
				0.0025197051408084713,
				0.99999088527691626,
				0.0,
				0.00073048861546553764,
				8.7448324548053647e-06,
				0.0074056615347194328,
				1.0
			],
			"uncertain" : false,
			"version_major" : 1,
			"version_minor" : 0
		},
		{
			"class_name" : "PoseGraphEdge",
			"confidence" : 1.0,
			"information" : 
			[
				805538.84314418049,
				6812.8638435465136,
				55445.035869093845,
				0.0,
				-419173.8756056428,
				-27483.003806318622,
				6812.8638435465136,
				839345.82696371514,
				88880.327788728318,
				419173.8756056428,
				0.0,
				24909.559844589734,
				55445.035869093845,
				88880.327788728318,
				125272.25827648457,
				27483.003806318622,
				-24909.559844589734,
				0.0,
				0.0,
				419173.8756056428,
				27483.003806318622,
				260736.0,
				0.0,
				0.0,
				-419173.8756056428,
				0.0,
				-24909.559844589734,
				0.0,
				260736.0,
				0.0,
				-27483.003806318622,
				24909.559844589734,
				0.0,
				0.0,
				0.0,
				260736.0
			],
			"source_node_id" : 29,
			"target_node_id" : 30,
			"transformation" : 
			[
				0.99999578734891126,
				-0.00086841197799339886,
				0.0027696832070295985,
				0.0,
				0.0008858907220587668,
				0.9999796629372909,
				-0.0063157667350944155,
				0.0,
				-0.0027641421923255615,
				0.0063181937656289497,
				0.99997621968998895,
				0.0,
				-0.00073613915501952328,
				9.8720867473699796e-05,
				0.0075430113901057807,
				1.0
			],
			"uncertain" : false,
			"version_major" : 1,
			"version_minor" : 0
		},
		{
			"class_name" : "PoseGraphEdge",
			"confidence" : 1.0,
			"information" : 
			[
				819685.05569551769,
				7122.5008735877545,
				53833.575064807897,
				0.0,
				-423340.09245383739,
				-27623.703731661604,
				7122.5008735877545,
				854744.80961900542,
				89971.834228567503,
				423340.09245383739,
				0.0,
				24138.785452997661,
				53833.575064807897,
				89971.834228567503,
				127177.85313783459,
				27623.703731661604,
				-24138.785452997661,
				0.0,
				0.0,
				423340.09245383739,
				27623.703731661604,
				261007.0,
				0.0,
				0.0,
				-423340.09245383739,
				0.0,
				-24138.785452997661,
				0.0,
				261007.0,
				0.0,
				-27623.703731661604,
				24138.785452997661,
				0.0,
				0.0,
				0.0,
				261007.0
			],
			"source_node_id" : 30,
			"target_node_id" : 31,
			"transformation" : 
			[
				0.99998504351208828,
				0.0026698774582021283,
				0.004773311898940067,
				0.0,
				-0.0026273811178731564,
				0.99995705708217919,
				-0.0088871176434212416,
				0.0,
				-0.0047968344340640259,
				0.008874443413800644,
				0.99994911602216408,
				0.0,
				0.0027856621464033742,
				-0.0027075185042777644,
				0.0072869754938725689,
				1.0
			],
			"uncertain" : false,
			"version_major" : 1,
			"version_minor" : 0
		},
		{
			"class_name" : "PoseGraphEdge",
			"confidence" : 1.0,
			"information" : 
			[
				839554.22947613744,
				7933.5307386584573,
				51935.919854331762,
				0.0,
				-430329.38587021828,
				-29104.958495983214,
				7933.5307386584573,
				875142.20627826615,
				93846.498043159983,
				430329.38587021828,
				0.0,
				23490.37536325882,
				51935.919854331762,
				93846.498043159983,
				131038.77032898481,
				29104.958495983214,
				-23490.37536325882,
				0.0,
				0.0,
				430329.38587021828,
				29104.958495983214,
				263157.0,
				0.0,
				0.0,
				-430329.38587021828,
				0.0,
				-23490.37536325882,
				0.0,
				263157.0,
				0.0,
