{
	"class_name" : "PoseGraph",
	"edges" : 
	[
		{
			"class_name" : "PoseGraphEdge",
			"confidence" : 1.0,
			"information" : 
			[
				489198.53650452226,
				1587.2057727377708,
				-63655.869635306255,
				0.0,
				-326406.569049716,
				-6877.4806188523071,
				1587.2057727377708,
				511927.19341922126,
				25113.220733637969,
				326406.569049716,
				0.0,
				-21255.93830493663,
				-63655.869635306255,
				25113.220733637969,
				76452.092996207284,
				6877.4806188523071,
				21255.93830493663,
				0.0,
				0.0,
				326406.569049716,
				6877.4806188523071,
				257513.0,
				0.0,
				0.0,
				-326406.569049716,
				0.0,
				21255.93830493663,
				0.0,
				257513.0,
				0.0,
				-6877.4806188523071,
				-21255.93830493663,
				0.0,
				0.0,
				0.0,
				257513.0
			],
			"source_node_id" : 0,
			"target_node_id" : 1,
			"transformation" : 
			[
				0.99991554446263997,
				-0.010035294263651295,
				0.008258136050253103,
				0.0,
				0.010163558807706927,
				0.99982604122822516,
				-0.015639352744203486,
				0.0,
				-0.0080997539681675248,
				0.015721963965652303,
				0.99984359468604789,
				0.0,
				-0.00050306222609479325,
				0.0078011646597383388,
				-0.003621338111962513,
				1.0
			],
			"uncertain" : false,
			"version_major" : 1,
			"version_minor" : 0
		},
		{
			"class_name" : "PoseGraphEdge",
			"confidence" : 1.0,
			"information" : 
			[
				519000.86607056344,
				489.74636286980444,
				-63248.351091986522,
				0.0,
				-338016.93587189913,
				-9443.3866181950434,
				489.74636286980444,
				541188.99974320212,
				31612.587409262243,
				338016.93587189913,
				0.0,
				-20814.509928626241,
				-63248.351091986522,
				31612.587409262243,
				82114.38223440187,
				9443.3866181950434,
				20814.509928626241,
				0.0,
				0.0,
				338016.93587189913,
				9443.3866181950434,
				261785.0,
				0.0,
				0.0,
				-338016.93587189913,
				0.0,
				20814.509928626241,
				0.0,
				261785.0,
				0.0,
				-9443.3866181950434,
				-20814.509928626241,
				0.0,
				0.0,
				0.0,
				261785.0
			],
			"source_node_id" : 1,
			"target_node_id" : 2,
			"transformation" : 
			[
				0.99998408202859801,
				-0.001896206919689755,
				0.0053141404516736891,
				0.0,
				0.0019408477103951684,
				0.99996276989672161,
				-0.0084078493470092358,
				0.0,
				-0.0052979995835643274,
				0.0084180294484321287,
				0.99995053276680546,
				0.0,
				-0.00085937297918345791,
				0.0062739007083643305,
				-0.0016625165182077696,
				1.0
			],
			"uncertain" : false,
			"version_major" : 1,
			"version_minor" : 0
		},
		{
			"class_name" : "PoseGraphEdge",
			"confidence" : 1.0,
			"information" : 
			[
				534789.79938228719,
				-511.63597355479266,
				-62859.281322569608,
				0.0,
				-342857.65466237068,
				-10322.007472347119,
				-511.63597355479266,
				556897.35530262894,
				34652.368285145327,
				342857.65466237068,
				0.0,
				-20767.928051918861,
				-62859.281322569608,
				34652.368285145327,
				84820.752126218387,
				10322.007472347119,
				20767.928051918861,
				0.0,
				0.0,
				342857.65466237068,
				10322.007472347119,
				262149.0,
				0.0,
				0.0,
				-342857.65466237068,
				0.0,
				20767.928051918861,
				0.0,
				262149.0,
				0.0,
				-10322.007472347119,
				-20767.928051918861,
				0.0,
				0.0,
				0.0,
				262149.0
			],
			"source_node_id" : 2,
			"target_node_id" : 3,
			"transformation" : 
			[
				0.99997433024815729,
				-0.0062006566744067636,
				0.0035903623153602611,
				0.0,
				0.0062303059546234101,
				0.99994609057395112,
				-0.0083065777299817199,
				0.0,
				-0.0035386625243456382,
				0.0083287335579053622,
				0.9999590541941511,
				0.0,
				-0.0012947243946847735,
				0.0043543504834382997,
				-0.0019857050250648963,
				1.0
			],
			"uncertain" : false,
			"version_major" : 1,
			"version_minor" : 0
		},
		{
			"class_name" : "PoseGraphEdge",
			"confidence" : 1.0,
			"information" : 
			[
				549765.87000591413,
				-1589.0221735522173,
				-61434.088413896417,
				0.0,
				-346255.18552660942,
				-11239.440619439876,
				-1589.0221735522173,
				571491.8409487016,
				37711.253977324188,
				346255.18552660942,
				0.0,
				-20146.906818307703,
				-61434.088413896417,
				37711.253977324188,
				87179.789123812545,
				11239.440619439876,
				20146.906818307703,
				0.0,
				0.0,
				346255.18552660942,
				11239.440619439876,
				260901.0,
				0.0,
				0.0,
				-346255.18552660942,
				0.0,
				20146.906818307703,
				0.0,
				260901.0,
				0.0,
				-11239.440619439876,
				-20146.906818307703,
				0.0,
				0.0,
				0.0,
				260901.0
			],
			"source_node_id" : 3,
			"target_node_id" : 4,
			"transformation" : 
			[
				0.99998463834800833,
				-0.0027543376837257027,
				0.0048100615303450405,
				0.0,
				0.0027845734090261422,
				0.99997633703358102,
				-0.0062905901020216025,
				0.0,
				-0.0047926213006497026,
				0.0063038874375988176,
				0.99996864540056607,
				0.0,
				-0.0014984196652291059,
				0.0080766610831122503,
				-0.0025516700961193419,
				1.0
			],
			"uncertain" : false,
			"version_major" : 1,
			"version_minor" : 0
		},
		{
			"class_name" : "PoseGraphEdge",
			"confidence" : 1.0,
			"information" : 
			[
				566980.9059092761,
				-2574.0705054600912,
				-60969.318702118915,
				0.0,
				-351044.04184043407,
				-11744.980484747735,
				-2574.0705054600912,
				588886.79105241201,
				39972.561809487219,
				351044.04184043407,
				0.0,
				-20114.397069680272,
				-60969.318702118915,
				39972.561809487219,
				89672.03801462923,
				11744.980484747735,
				20114.397069680272,
				0.0,
				0.0,
				351044.04184043407,
				11744.980484747735,
				260432.0,
				0.0,
				0.0,
				-351044.04184043407,
				0.0,
				20114.397069680272,
				0.0,
				260432.0,
				0.0,
				-11744.980484747735,
				-20114.397069680272,
				0.0,
				0.0,
				0.0,
				260432.0
			],
			"source_node_id" : 4,
			"target_node_id" : 5,
			"transformation" : 
			[
				0.99998059100393888,
				-0.0010057585096843145,
				0.0061486636948203544,
				0.0,
				0.0010566103322734923,
				0.99996522207310745,
				-0.008272739503084334,
				0.0,
				-0.0061401294788902619,
				0.0082790756791055325,
				0.9999468764468854,
				0.0,
				-0.00015580463302528773,
				0.008471914342235487,
				-0.0022766759166351052,
				1.0
			],
			"uncertain" : false,
			"version_major" : 1,
			"version_minor" : 0
		},
		{
			"class_name" : "PoseGraphEdge",
			"confidence" : 1.0,
			"information" : 
			[
				588461.04378571315,
				-3637.8832073856142,
				-59430.941028413879,
				0.0,
				-357703.05458080769,
				-12645.394878992229,
				-3637.8832073856142,
				610672.18085671449,
				43545.838493117495,
				357703.05458080769,
				0.0,
				-19533.143894341309,
				-59430.941028413879,
				43545.838493117495,
				93465.683384296382,
				12645.394878992229,
				19533.143894341309,
				0.0,
				0.0,
				357703.05458080769,
				12645.394878992229,
				261132.0,
				0.0,
				0.0,
				-357703.05458080769,
				0.0,
				19533.143894341309,
				0.0,
				261132.0,
				0.0,
				-12645.394878992229,
				-19533.143894341309,
				0.0,
				0.0,
				0.0,
				261132.0
			],
			"source_node_id" : 5,
			"target_node_id" : 6,
			"transformation" : 
			[
				0.99998783616428355,
				-0.003024850283095592,
				0.0038958701516973795,
				0.0,
				0.0030665108237505809,
				0.99993770511319546,
				-0.0107323065705554,
				0.0,
				-0.0038631638383390576,
				0.010744122752529521,
				0.99993481777135684,
				0.0,
				-0.0028547008327327993,
				0.0048490472431282333,
				-0.001758218455025357,
				1.0
			],
			"uncertain" : false,
			"version_major" : 1,
			"version_minor" : 0
		},
		{
			"class_name" : "PoseGraphEdge",
			"confidence" : 1.0,
			"information" : 
			[
				609405.20162277936,
				-4418.6554526369709,
				-57956.555791410887,
				0.0,
				-363309.0312615633,
				-14153.841836644046,
				-4418.6554526369709,
				630690.13718794135,
				48129.918102879601,
				363309.0312615633,
				0.0,
				-19045.684936424252,
				-57956.555791410887,
				48129.918102879601,
				96840.040634072473,
				14153.841836644046,
				19045.684936424252,
				0.0,
				0.0,
				363309.0312615633,
				14153.841836644046,
				260867.0,
				0.0,
				0.0,
				-363309.0312615633,
				0.0,
				19045.684936424252,
				0.0,
				260867.0,
				0.0,
				-14153.841836644046,
				-19045.684936424252,
				0.0,
				0.0,
				0.0,
				260867.0
			],
			"source_node_id" : 6,
			"target_node_id" : 7,
			"transformation" : 
			[
				0.99997778834878215,
				-0.00011108161599245018,
				0.0066641180926632947,
				0.0,
				0.00015285818571903896,
				0.99998033982286727,
				-0.0062687001936711133,
				0.0,
				-0.0066632907375734768,
				0.0062695796204898816,
				0.99995814558806895,
				0.0,
				-0.0016347500954671398,
				0.0072315775803618379,
				-0.0026647326166892877,
				1.0
			],
			"uncertain" : false,
			"version_major" : 1,
			"version_minor" : 0
		},
		{
			"class_name" : "PoseGraphEdge",
			"confidence" : 1.0,
			"information" : 
			[
				625969.14624113473,
				-5289.3031831946682,
				-57288.632040947523,
				0.0,
				-368178.75201946497,
				-14570.208621013269,
				-5289.3031831946682,
				647519.17418466124,
				50294.998135031194,
				368178.75201946497,
				0.0,
				-18957.412265681196,
				-57288.632040947523,
				50294.998135031194,
				99608.329032915644,
				14570.208621013269,
				18957.412265681196,
				0.0,
				0.0,
				368178.75201946497,
				14570.208621013269,
				260982.0,
				0.0,
				0.0,
				-368178.75201946497,
				0.0,
				18957.412265681196,
				0.0,
				260982.0,
				0.0,
				-14570.208621013269,
				-18957.412265681196,
				0.0,
				0.0,
				0.0,
				260982.0
			],
			"source_node_id" : 7,
			"target_node_id" : 8,
			"transformation" : 
			[
				0.9999815984242012,
				-0.0025919770762064987,
				0.0054849309764358097,
				0.0,
				0.0026221649361487819,
				0.99998141623270087,
				-0.0055037660098144403,
				0.0,
				-0.0054705634104246443,
				0.0055180471255306422,
				0.99996981159027631,
				0.0,
				-0.00080734294074931553,
				0.008503209331633798,
				-0.0025864272633673293,
				1.0
			],
			"uncertain" : false,
			"version_major" : 1,
			"version_minor" : 0
		},
		{
			"class_name" : "PoseGraphEdge",
			"confidence" : 1.0,
			"information" : 
			[
				640946.89942289505,
				-6145.6703727966724,
				-55762.686085418762,
				0.0,
				-372335.7437915802,
				-15048.218226027326,
				-6145.6703727966724,
				662628.45544920838,
				52278.334186020445,
				372335.7437915802,
				0.0,
				-18271.330414663418,
				-55762.686085418762,
				52278.334186020445,
				101973.7312921003,
				15048.218226027326,
				18271.330414663418,
				0.0,
				0.0,
				372335.7437915802,
				15048.218226027326,
				260789.0,
				0.0,
				0.0,
				-372335.7437915802,
				0.0,
				18271.330414663418,
				0.0,
				260789.0,
				0.0,
				-15048.218226027326,
				-18271.330414663418,
				0.0,
				0.0,
				0.0,
				260789.0
			],
			"source_node_id" : 8,
			"target_node_id" : 9,
			"transformation" : 
			[
				0.99998657117847611,
				-4.58214784621508e-05,
				0.0051822160421291143,
				0.0,
				7.3832100584284778e-05,
				0.99998538971461659,
				-0.0054050815097630676,
				0.0,
				-0.0051818926596478359,
				0.0054053915397842189,
				0.99997196447238779,
				0.0,
				-0.0026815671668220897,
				0.0072654605502350429,
				-0.0028033262063203342,
				1.0
			],
			"uncertain" : false,
			"version_major" : 1,
			"version_minor" : 0
		},
		{
			"class_name" : "PoseGraphEdge",
			"confidence" : 1.0,
			"information" : 
			[
				656100.53739937814,
				-6861.2252272288752,
				-54973.17421989204,
				0.0,
				-377133.93553334475,
				-15641.721774331585,
				-6861.2252272288752,
				677699.23630084808,
				54507.997024590615,
				377133.93553334475,
				0.0,
				-18010.940516411909,
				-54973.17421989204,
				54507.997024590615,
				104523.53420148708,
				15641.721774331585,
				18010.940516411909,
				0.0,
				0.0,
				377133.93553334475,
				15641.721774331585,
				261511.0,
				0.0,
				0.0,
				-377133.93553334475,
				0.0,
				18010.940516411909,
				0.0,
				261511.0,
				0.0,
				-15641.721774331585,
				-18010.940516411909,
				0.0,
				0.0,
				0.0,
				261511.0
			],
			"source_node_id" : 9,
			"target_node_id" : 10,
			"transformation" : 
			[
				0.99998853978014135,
				0.00055618634301342188,
				0.0047550988562706275,
				0.0,
				-0.0005406739614373389,
				0.99999453047779796,
				-0.003262926011420524,
				0.0,
				-0.0047568876430376739,
				0.0032603176594354025,
				0.99998337103609458,
				0.0,
				-0.00049018995254001955,
				0.0079016540206036899,
				-0.0029431883832864852,
				1.0
			],
			"uncertain" : false,
			"version_major" : 1,
			"version_minor" : 0
		},
		{
			"class_name" : "PoseGraphEdge",
			"confidence" : 1.0,
			"information" : 
			[
				664808.33777227742,
				-7402.5201994019917,
				-54288.187116218294,
				0.0,
				-378530.05728030205,
				-15835.138337222801,
				-7402.5201994019917,
				686536.69649348524,
				55324.137303502495,
				378530.05728030205,
				0.0,
				-17790.055154203437,
				-54288.187116218294,
				55324.137303502495,
				105845.20576412421,
				15835.138337222801,
				17790.055154203437,
				0.0,
				0.0,
				378530.05728030205,
				15835.138337222801,
				259760.0,
				0.0,
				0.0,
				-378530.05728030205,
				0.0,
				17790.055154203437,
				0.0,
				259760.0,
				0.0,
				-15835.138337222801,
				-17790.055154203437,
				0.0,
				0.0,
				0.0,
				259760.0
			],
			"source_node_id" : 10,
			"target_node_id" : 11,
			"transformation" : 
			[
				0.99998838569985615,
				0.0018692612960432126,
				0.0044423335762394543,
				0.0,
				-0.0018609113630019432,
				0.99999649561926396,
				-0.0018830183455485819,
				0.0,
				-0.0044458378619243221,
				0.0018747296865780714,
				0.9999883598894076,
				0.0,
				-0.0027384770624203723,
				0.011277651775888447,
				-0.0037242184138423858,
				1.0
			],
			"uncertain" : false,
			"version_major" : 1,
			"version_minor" : 0
		},
		{
			"class_name" : "PoseGraphEdge",
			"confidence" : 1.0,
			"information" : 
			[
				677548.20792463364,
				-7890.1747212960909,
				-53770.695385459381,
				0.0,
				-382277.69208621979,
				-15588.251310312597,
				-7890.1747212960909,
				699866.14539965987,
				55425.680225402211,
				382277.69208621979,
				0.0,
				-17611.317330646678,
				-53770.695385459381,
				55425.680225402211,
				107128.47294895975,
				15588.251310312597,
				17611.317330646678,
				0.0,
				0.0,
				382277.69208621979,
				15588.251310312597,
				259357.0,
				0.0,
				0.0,
				-382277.69208621979,
				0.0,
				17611.317330646678,
				0.0,
				259357.0,
				0.0,
				-15588.251310312597,
				-17611.317330646678,
				0.0,
				0.0,
				0.0,
				259357.0
			],
			"source_node_id" : 11,
			"target_node_id" : 12,
			"transformation" : 
			[
				0.99998257822052061,
				-0.00049503102515147882,
				0.0058820234378758225,
				0.0,
				0.00052786019302259195,
				0.99998428660951588,
				-0.0055810301624522156,
				0.0,
				-0.0058791682282619854,
				0.0055840378170027398,
				0.99996712641096452,
				0.0,
				-0.0011408699758872804,
				0.0093596305514016959,
				-0.0030462254425607203,
				1.0
			],
			"uncertain" : false,
			"version_major" : 1,
			"version_minor" : 0
		},
		{
			"class_name" : "PoseGraphEdge",
			"confidence" : 1.0,
			"information" : 
			[
				691848.52698734589,
				-8257.5327924942649,
				-53105.67468808547,
				0.0,
				-385841.8071116209,
				-15690.003702921269,
				-8257.5327924942649,
				714469.97397573816,
				56413.545238681188,
				385841.8071116209,
				0.0,
				-17494.109510808834,
				-53105.67468808547,
				56413.545238681188,
				108850.17879987783,
				15690.003702921269,
				17494.109510808834,
				0.0,
				0.0,
				385841.8071116209,
				15690.003702921269,
				258223.0,
				0.0,
				0.0,
				-385841.8071116209,
				0.0,
				17494.109510808834,
				0.0,
				258223.0,
				0.0,
				-15690.003702921269,
				-17494.109510808834,
				0.0,
				0.0,
				0.0,
				258223.0
			],
			"source_node_id" : 12,
			"target_node_id" : 13,
			"transformation" : 
			[
				0.99997453133700098,
				-0.0021080504296042335,
				0.0068185629521384976,
				0.0,
				0.002148776758843768,
				0.99997986439674391,
				-0.0059710601663844941,
				0.0,
				-0.0068058383603111696,
				0.0059855596610656299,
				0.99995892597634117,
				0.0,
				-0.0011059485034309183,
				0.0103282408797417,
				-0.0036236017121976409,
				1.0
			],
			"uncertain" : false,
			"version_major" : 1,
			"version_minor" : 0
		},
		{
			"class_name" : "PoseGraphEdge",
			"confidence" : 1.0,
			"information" : 
			[
				703441.88558150455,
				-8442.2774087639755,
				-53832.293956316302,
				0.0,
				-389129.55407559872,
				-14958.876713038248,
				-8442.2774087639755,
				727312.29928782582,
				55576.993914313527,
				389129.55407559872,
				0.0,
				-17975.786964128609,
				-53832.293956316302,
				55576.993914313527,
				110401.369082687,
				14958.876713038248,
				17975.786964128609,
				0.0,
				0.0,
				389129.55407559872,
				14958.876713038248,
				257644.0,
				0.0,
				0.0,
				-389129.55407559872,
				0.0,
				17975.786964128609,
				0.0,
				257644.0,
				0.0,
				-14958.876713038248,
				-17975.786964128609,
				0.0,
				0.0,
				0.0,
				257644.0
			],
			"source_node_id" : 13,
			"target_node_id" : 14,
			"transformation" : 
			[
				0.99999123992636363,
				0.00016212458319676069,
				0.0041825573700334569,
				0.0,
				-0.00012974137570827068,
				0.99997002532246326,
				-0.0077415517674374844,
				0.0,
				-0.0041836870950786084,
				0.0077409413001267805,
				0.99996128654567329,
				0.0,
				-0.00061469713285473414,
				0.0088601677150536903,
				-0.0039840143802757216,
				1.0
			],
			"uncertain" : false,
			"version_major" : 1,
			"version_minor" : 0
		},
		{
			"class_name" : "PoseGraphEdge",
			"confidence" : 1.0,
			"information" : 
			[
				713374.3344095361,
				-8754.3736641469932,
				-52702.811935570739,
				0.0,
				-391039.59744751453,
				-13942.224160324375,
				-8754.3736641469932,
				737450.37642717909,
				54226.039904252531,
				391039.59744751453,
				0.0,
				-17436.461616987363,
				-52702.811935570739,
				54226.039904252531,
				110375.31781175848,
				13942.224160324375,
				17436.461616987363,
				0.0,
				0.0,
				391039.59744751453,
				13942.224160324375,
				255846.0,
				0.0,
				0.0,
				-391039.59744751453,
				0.0,
				17436.461616987363,
				0.0,
				255846.0,
				0.0,
				-13942.224160324375,
				-17436.461616987363,
				0.0,
				0.0,
				0.0,
				255846.0
			],
			"source_node_id" : 14,
			"target_node_id" : 15,
			"transformation" : 
			[
				0.99998936654305015,
				0.0018783206951646064,
				0.0042117350575065146,
				0.0,
				-0.0018407356078407907,
				0.99995861018230825,
				-0.0089100849989687796,
				0.0,
				-0.0042282967316095562,
				0.0089022375632723857,
				0.99995143465726233,
				0.0,
				-0.0031560279640323969,
				0.008421338560000503,
				-0.0030659401833374087,
				1.0
			],
			"uncertain" : false,
			"version_major" : 1,
			"version_minor" : 0
		},
		{
			"class_name" : "PoseGraphEdge",
			"confidence" : 1.0,
			"information" : 
			[
				723063.81609248614,
				-8622.1385258219088,
				-52744.407875160367,
				0.0,
				-393562.94389039278,
				-13610.289639419294,
				-8622.1385258219088,
				747474.87181339611,
				53938.927957451589,
				393562.94389039278,
				0.0,
				-17582.239315817831,
				-52744.407875160367,
				53938.927957451589,
				111354.14867771072,
				13610.289639419294,
				17582.239315817831,
				0.0,
				0.0,
				393562.94389039278,
				13610.289639419294,
				255048.0,
				0.0,
				0.0,
				-393562.94389039278,
				0.0,
				17582.239315817831,
				0.0,
				255048.0,
				0.0,
				-13610.289639419294,
				-17582.239315817831,
				0.0,
				0.0,
				0.0,
				255048.0
			],
			"source_node_id" : 15,
			"target_node_id" : 16,
			"transformation" : 
			[
				0.99999646285708754,
				-0.0005595758604959452,
				0.0026002207924247932,
				0.0,
				0.00058084720740362282,
				0.99996631683764181,
				-0.0081870511591453903,
				0.0,
				-0.0025955519325683704,
				0.0081885325313613162,
				0.99996310484194773,
				0.0,
				-0.0058001885250708752,
				0.0042884398992563636,
				-0.0038389950167080772,
				1.0
			],
			"uncertain" : false,
			"version_major" : 1,
			"version_minor" : 0
		},
		{
			"class_name" : "PoseGraphEdge",
			"confidence" : 1.0,
			"information" : 
			[
				719020.71962671389,
				-8267.8586994313828,
				-50252.564162887225,
				0.0,
				-387604.03751182556,
				-12063.330242668337,
				-8267.8586994313828,
				742335.53027696128,
				50281.02275250644,
				387604.03751182556,
				0.0,
				-16923.972326523508,
				-50252.564162887225,
				50281.02275250644,
				107542.71024790361,
				12063.330242668337,
				16923.972326523508,
				0.0,
				0.0,
				387604.03751182556,
				12063.330242668337,
				246824.0,
				0.0,
				0.0,
				-387604.03751182556,
				0.0,
				16923.972326523508,
				0.0,
				246824.0,
				0.0,
				-12063.330242668337,
				-16923.972326523508,
				0.0,
				0.0,
				0.0,
				246824.0
			],
			"source_node_id" : 16,
			"target_node_id" : 17,
			"transformation" : 
			[
				0.99988330676774284,
				-0.0084181774155475935,
				0.012747828685844523,
				0.0,
				0.0085023791808163003,
				0.99994230049736177,
				-0.006565456900371483,
				0.0,
				-0.012691823961468153,
				0.0066730776292036722,
				0.99989718853464404,
				0.0,
				-0.005854107712860504,
				0.017078410606083973,
				-0.0090207854376916467,
				1.0
			],
			"uncertain" : false,
			"version_major" : 1,
			"version_minor" : 0
		},
		{
			"class_name" : "PoseGraphEdge",
			"confidence" : 1.0,
			"information" : 
			[
				732527.87578292436,
				-8313.8917477469458,
				-48047.284643904117,
				0.0,
				-390959.09178805351,
				-11974.253996511165,
				-8313.8917477469458,
				754825.97465105448,
				50151.367028894223,
				390959.09178805351,
				0.0,
				-15960.943164925789,
				-48047.284643904117,
				50151.367028894223,
				108238.05979069461,
				11974.253996511165,
				15960.943164925789,
				0.0,
				0.0,
				390959.09178805351,
				11974.253996511165,
				245201.0,
				0.0,
				0.0,
				-390959.09178805351,
				0.0,
				15960.943164925789,
				0.0,
				245201.0,
				0.0,
				-11974.253996511165,
				-15960.943164925789,
				0.0,
				0.0,
				0.0,
				245201.0
			],
			"source_node_id" : 17,
			"target_node_id" : 18,
			"transformation" : 
			[
				0.99984386026495109,
				-0.0041999060382472133,
				0.0171643782220748,
				0.0,
				0.0042790075332888094,
				0.99998038254522736,
				-0.0045743435847182146,
				0.0,
				-0.017144829687418855,
				0.0046470758516393559,
				0.99984221730282008,
				0.0,
				-0.0025734929306474017,
				0.016585823885462422,
				-0.011307646710846471,
				1.0
			],
			"uncertain" : false,
			"version_major" : 1,
			"version_minor" : 0
		},
		{
			"class_name" : "PoseGraphEdge",
			"confidence" : 1.0,
			"information" : 
			[
				761463.03703971172,
				-8051.1999943962091,
				-50649.019802684124,
				0.0,
				-404070.08439481258,
				-12315.400761402387,
				-8051.1999943962091,
				785957.4396129261,
				51761.033476055563,
				404070.08439481258,
				0.0,
				-17222.365798918996,
				-50649.019802684124,
				51761.033476055563,
				114133.28871221792,
				12315.400761402387,
				17222.365798918996,
				0.0,
				0.0,
				404070.08439481258,
				12315.400761402387,
				251303.0,
				0.0,
				0.0,
				-404070.08439481258,
				0.0,
				17222.365798918996,
				0.0,
				251303.0,
				0.0,
				-12315.400761402387,
				-17222.365798918996,
				0.0,
				0.0,
				0.0,
				251303.0
			],
			"source_node_id" : 18,
			"target_node_id" : 19,
			"transformation" : 
			[
				0.99996415434509789,
				-0.0068619984631395356,
				0.004960141327244344,
				0.0,
				0.0068885090406703639,
				0.99996197537952525,
				-0.0053475450698403371,
				0.0,
				-0.0049232578737020598,
				0.0053815213619609103,
				0.99997340002609025,
				0.0,
				-0.0070078476121538036,
				0.0076452070151909156,
				-0.0055712505068939442,
				1.0
			],
			"uncertain" : false,
			"version_major" : 1,
			"version_minor" : 0
		},
		{
			"class_name" : "PoseGraphEdge",
			"confidence" : 1.0,
			"information" : 
			[
				772843.48510044615,
				-8347.5032389937041,
				-47816.965552587601,
				0.0,
				-406476.82579922676,
				-12407.405631648202,
				-8347.5032389937041,
				795599.45904117369,
				51959.268445675858,
				406476.82579922676,
				0.0,
				-15827.470981188235,
				-47816.965552587601,
				51959.268445675858,
				114058.69437601967,
				12407.405631648202,
				15827.470981188235,
				0.0,
				0.0,
				406476.82579922676,
				12407.405631648202,
				249765.0,
				0.0,
				0.0,
				-406476.82579922676,
				0.0,
				15827.470981188235,
				0.0,
				249765.0,
				0.0,
				-12407.405631648202,
				-15827.470981188235,
				0.0,
				0.0,
				0.0,
				249765.0
			],
			"source_node_id" : 19,
			"target_node_id" : 20,
			"transformation" : 
			[
				0.99994781923306508,
				0.00060538557751123843,
				0.010197662444970708,
				0.0,
				-0.00056582309761043722,
				0.99999230492255431,
				-0.0038820020478917,
				0.0,
				-0.01019993408122008,
				0.0038760294090945963,
				0.99994046709829609,
				0.0,
				-0.006832699850603508,
				0.0087701182961196483,
				-0.0057711013924291316,
				1.0
			],
			"uncertain" : false,
			"version_major" : 1,
			"version_minor" : 0
		},
		{
			"class_name" : "PoseGraphEdge",
			"confidence" : 1.0,
			"information" : 
			[
				780146.79427996918,
				-8324.1661016562302,
				-46965.423197679171,
				0.0,
				-408420.34875184298,
				-11509.950708771707,
				-8324.1661016562302,
				803148.84473291447,
				50299.344683682772,
				408420.34875184298,
				0.0,
				-15539.077694709296,
				-46965.423197679171,
				50299.344683682772,
				114261.39382046778,
				11509.950708771707,
				15539.077694709296,
				0.0,
				0.0,
				408420.34875184298,
				11509.950708771707,
				248837.0,
				0.0,
				0.0,
				-408420.34875184298,
				0.0,
				15539.077694709296,
				0.0,
				248837.0,
				0.0,
				-11509.950708771707,
				-15539.077694709296,
				0.0,
				0.0,
				0.0,
				248837.0
			],
			"source_node_id" : 20,
			"target_node_id" : 21,
			"transformation" : 
			[
				0.9999069699359614,
				-0.0035994377172305194,
				0.01315657712338749,
				0.0,
				0.0036876745641742864,
				0.99997083157510769,
				-0.0066885764774783085,
				0.0,
				-0.013132118252308212,
				0.0067364714135897908,
				0.99989107777952613,
				0.0,
				0.0012577411877439462,
				0.0070645815488179792,
				-0.0067766302924494098,
				1.0
			],
			"uncertain" : false,
			"version_major" : 1,
			"version_minor" : 0
		},
		{
			"class_name" : "PoseGraphEdge",
			"confidence" : 1.0,
			"information" : 
			[
				793710.24824765988,
				-8016.0405497288921,
				-47572.498352075512,
				0.0,
				-413777.48931419849,
				-11918.018387363409,
				-8016.0405497288921,
				817000.63758886023,
				51503.41602496375,
				413777.48931419849,
				0.0,
				-15929.567204806139,
				-47572.498352075512,
				51503.41602496375,
				117399.69907867306,
				11918.018387363409,
				15929.567204806139,
				0.0,
				0.0,
				413777.48931419849,
				11918.018387363409,
				250644.0,
				0.0,
				0.0,
				-413777.48931419849,
				0.0,
				15929.567204806139,
				0.0,
				250644.0,
				0.0,
				-11918.018387363409,
				-15929.567204806139,
				0.0,
				0.0,
				0.0,
				250644.0
			],
			"source_node_id" : 21,
			"target_node_id" : 22,
			"transformation" : 
			[
				0.9999434411572482,
				-0.0081905850419496419,
				0.0067844530561480968,
				0.0,
				0.008205644849813622,
				0.99996392425530523,
				-0.0021948987514352827,
				0.0,
				-0.0067662307970696505,
				0.0022504454227809298,
				0.99997457648492205,
				0.0,
				-0.0050495397332872066,
				0.0048186741466138211,
				-0.005180823071068561,
				1.0
			],
			"uncertain" : false,
			"version_major" : 1,
			"version_minor" : 0
		},
		{
			"class_name" : "PoseGraphEdge",
			"confidence" : 1.0,
			"information" : 
			[
				795462.15848488698,
				-8766.0938997141948,
				-43924.310148701705,
				0.0,
				-412255.19583183527,
				-11792.49044506764,
				-8766.0938997141948,
				817624.07923571777,
				51061.793997989938,
				412255.19583183527,
				0.0,
				-14520.443320802646,
				-43924.310148701705,
				51061.793997989938,
				116869.27180122519,
				11792.49044506764,
				14520.443320802646,
				0.0,
				0.0,
				412255.19583183527,
				11792.49044506764,
				247557.0,
				0.0,
				0.0,
				-412255.19583183527,
				0.0,
				14520.443320802646,
				0.0,
				247557.0,
				0.0,
				-11792.49044506764,
				-14520.443320802646,
				0.0,
				0.0,
				0.0,
				247557.0
			],
			"source_node_id" : 22,
			"target_node_id" : 23,
			"transformation" : 
			[
				0.99992813226353272,
				-0.0045240112278478947,
				0.011102415519682177,
				0.0,
				0.004536234409036618,
				0.99998913232820197,
				-0.0010760124891490248,
				0.0,
				-0.011097426969691923,
				0.0011262983178708216,
				0.99993778734816841,
				0.0,
				-0.0012651226649009345,
				0.011504079390188215,
				-0.0082590570077611756,
				1.0
			],
			"uncertain" : false,
			"version_major" : 1,
			"version_minor" : 0
		},
		{
			"class_name" : "PoseGraphEdge",
			"confidence" : 1.0,
			"information" : 
			[
				813227.04221525451,
				-9460.7993681065054,
				-42406.046169669688,
				0.0,
				-419454.53049117327,
				-11855.933072593878,
				-9460.7993681065054,
				836982.58277135494,
				51819.929326387479,
				419454.53049117327,
				0.0,
				-14099.620616235887,
				-42406.046169669688,
				51819.929326387479,
				120257.20096107389,
				11855.933072593878,
				14099.620616235887,
				0.0,
				0.0,
				419454.53049117327,
				11855.933072593878,
				250184.0,
				0.0,
				0.0,
				-419454.53049117327,
				0.0,
				14099.620616235887,
				0.0,
				250184.0,
				0.0,
				-11855.933072593878,
				-14099.620616235887,
				0.0,
				0.0,
				0.0,
				250184.0
			],
			"source_node_id" : 23,
			"target_node_id" : 24,
			"transformation" : 
			[
				0.99996795951039885,
				-0.0031285577368958552,
				0.0073683158928290185,
				0.0,
				0.0031744334813288994,
				0.99997560057097179,
				-0.0062226388932615888,
				0.0,
				-0.0073486682250749067,
				0.0062458297455360379,
				0.99995349226156938,
				0.0,
				0.00069280066083775955,
				0.0057092954214842664,
				-0.0062706421639631858,
				1.0
			],
			"uncertain" : false,
			"version_major" : 1,
			"version_minor" : 0
		},
		{
			"class_name" : "PoseGraphEdge",
			"confidence" : 1.0,
			"information" : 
			[
				826744.63062660303,
				-10196.567396575001,
				-40426.220326271461,
				0.0,
				-423403.55395138264,
				-12731.91016199789,
				-10196.567396575001,
				851077.88921833178,
				54272.77654656463,
				423403.55395138264,
				0.0,
				-13663.220976084238,
				-40426.220326271461,
				54272.77654656463,
				124010.02579771548,
				12731.91016199789,
				13663.220976084238,
				0.0,
				0.0,
				423403.55395138264,
				12731.91016199789,
				250621.0,
				0.0,
				0.0,
				-423403.55395138264,
				0.0,
				13663.220976084238,
				0.0,
				250621.0,
				0.0,
				-12731.91016199789,
				-13663.220976084238,
				0.0,
				0.0,
				0.0,
				250621.0
			],
			"source_node_id" : 24,
			"target_node_id" : 25,
			"transformation" : 
			[
				0.99999494675434364,
				-0.0017651311328846168,
				0.0026440079163263402,
				0.0,
				0.0017750442146897006,
				0.99999138724315073,
				-0.0037516206568893509,
				0.0,
				-0.0026373630417088042,
				0.0037562949299840311,
				0.99998946722682225,
				0.0,
				-0.003838241861233902,
				0.0080017258327903934,
				-0.0068626350765226248,
				1.0
			],
			"uncertain" : false,
			"version_major" : 1,
			"version_minor" : 0
		},
		{
			"class_name" : "PoseGraphEdge",
			"confidence" : 1.0,
			"information" : 
			[
				835247.06561025092,
				-10593.141203151623,
				-37973.365794693469,
				0.0,
				-425383.87109470367,
				-12798.071024713339,
				-10593.141203151623,
				859475.07618742017,
				54571.097115428245,
				425383.87109470367,
				0.0,
				-12839.514518692857,
				-37973.365794693469,
				54571.097115428245,
				124845.51224293272,
				12798.071024713339,
				12839.514518692857,
				0.0,
				0.0,
				425383.87109470367,
				12798.071024713339,
				249789.0,
				0.0,
				0.0,
				-425383.87109470367,
				0.0,
				12839.514518692857,
				0.0,
				249789.0,
				0.0,
				-12798.071024713339,
				-12839.514518692857,
				0.0,
				0.0,
				0.0,
				249789.0
			],
			"source_node_id" : 25,
			"target_node_id" : 26,
			"transformation" : 
			[
				0.9999761128463095,
				-0.0029760809187759103,
				0.0062383234246122321,
				0.0,
				0.0030083821403460447,
				0.99998208488218521,
				-0.0051748962864775075,
				0.0,
				-0.0062228107542182734,
				0.0051935399337108851,
				0.99996715134512071,
				0.0,
				-0.0016797656702102278,
				0.0083093631396300681,
				-0.0073872742203488564,
				1.0
			],
			"uncertain" : false,
			"version_major" : 1,
			"version_minor" : 0
		},
		{
			"class_name" : "PoseGraphEdge",
			"confidence" : 1.0,
			"information" : 
			[
				829759.69621616183,
				-10926.391494516733,
				-34827.534004151035,
				0.0,
				-420435.00153058767,
				-11233.49229835521,
				-10926.391494516733,
				856621.26302221778,
				51432.304514409851,
				420435.00153058767,
				0.0,
				-12215.609726132243,
				-34827.534004151035,
				51432.304514409851,
				123906.48351836111,
				11233.49229835521,
				12215.609726132243,
				0.0,
				0.0,
				420435.00153058767,
				11233.49229835521,
				244544.0,
				0.0,
				0.0,
				-420435.00153058767,
				0.0,
				12215.609726132243,
				0.0,
				244544.0,
				0.0,
				-11233.49229835521,
				-12215.609726132243,
				0.0,
				0.0,
				0.0,
				244544.0
			],
			"source_node_id" : 26,
			"target_node_id" : 27,
			"transformation" : 
			[
				0.9999978422663105,
				-0.00088490828018185092,
				0.0018794680255038645,
				0.0,
				0.00091300513251532005,
				0.99988705441747583,
				-0.015001494258018729,
				0.0,
				-0.0018659808014088643,
				0.015003177852742878,
				0.99988570485329353,
				0.0,
				0.0028218615318865606,
				0.011626085464160165,
				-0.012800920904083071,
				1.0
			],
			"uncertain" : false,
			"version_major" : 1,
			"version_minor" : 0
		},
		{
			"class_name" : "PoseGraphEdge",
			"confidence" : 1.0,
			"information" : 
			[
				867032.44288733124,
				-11888.829425850672,
				-31512.898598449203,
				0.0,
				-435068.43473017216,
				-15016.238444462069,
				-11888.829425850672,
				892209.97179647873,
				61912.310487469025,
				435068.43473017216,
				0.0,
				-11211.484013833571,
				-31512.898598449203,
				61912.310487469025,
				132096.08694156501,
				15016.238444462069,
				11211.484013833571,
				0.0,
				0.0,
				435068.43473017216,
				15016.238444462069,
				251873.0,
				0.0,
				0.0,
				-435068.43473017216,
				0.0,
				11211.484013833571,
				0.0,
				251873.0,
				0.0,
				-15016.238444462069,
				-11211.484013833571,
				0.0,
				0.0,
				0.0,
				251873.0
			],
			"source_node_id" : 27,
			"target_node_id" : 28,
			"transformation" : 
			[
				0.99999239613808244,
				0.0011542972237751094,
				-0.0037249515346985469,
				0.0,
				-0.0011736923273211793,
				0.99998574517503058,
				-0.0052088283769143647,
				0.0,
				0.0037188859000318042,
				0.0052131607167385553,
				0.99997949621129945,
				0.0,
				0.0010441300767685114,
				0.003965657992659544,
				-0.0063368627804750895,
				1.0
			],
			"uncertain" : false,
			"version_major" : 1,
			"version_minor" : 0
		},
		{
			"class_name" : "PoseGraphEdge",
			"confidence" : 1.0,
			"information" : 
			[
				867476.77735457756,
				-11936.893851324981,
				-30718.530246909035,
				0.0,
				-434806.00537747145,
				-15676.009974546148,
				-11936.893851324981,
				891883.16556346137,
				63930.402801621603,
				434806.00537747145,
				0.0,
				-11456.407027740497,
				-30718.530246909035,
				63930.402801621603,
				132250.63265860185,
				15676.009974546148,
				11456.407027740497,
				0.0,
				0.0,
				434806.00537747145,
				15676.009974546148,
				251683.0,
				0.0,
				0.0,
				-434806.00537747145,
				0.0,
				11456.407027740497,
				0.0,
				251683.0,
				0.0,
				-15676.009974546148,
				-11456.407027740497,
				0.0,
				0.0,
				0.0,
				251683.0
			],
			"source_node_id" : 28,
			"target_node_id" : 29,
			"transformation" : 
			[
				0.99997883404639087,
				-0.00068876442330244889,
				-0.0064697034546445436,
				0.0,
				0.00067373570809957297,
				0.99999707061957555,
				-0.0023248295557980045,
				0.0,
				0.0064712857623101579,
				0.0023204214783252605,
				0.99997636877315499,
				0.0,
				0.0027046989574697508,
				0.0044519197340743121,
				-0.0063012190380013072,
				1.0
			],
			"uncertain" : false,
			"version_major" : 1,
			"version_minor" : 0
		},
		{
			"class_name" : "PoseGraphEdge",
			"confidence" : 1.0,
			"information" : 
			[
				867572.15208894771,
				-12266.263500972427,
				-28423.710830327069,
				0.0,
				-434206.48958802223,
				-16291.856657933793,
				-12266.263500972427,
				892034.76439520973,
				65611.445755712732,
				434206.48958802223,
				0.0,
				-10776.04116910696,
				-28423.710830327069,
				65611.445755712732,
				132633.2412430821,
				16291.856657933793,
				10776.04116910696,
				0.0,
				0.0,
				434206.48958802223,
				16291.856657933793,
				251152.0,
				0.0,
				0.0,
				-434206.48958802223,
				0.0,
				10776.04116910696,
				0.0,
				251152.0,
				0.0,
				-16291.856657933793,
				-10776.04116910696,
				0.0,
				0.0,
				0.0,
				251152.0
			],
			"source_node_id" : 29,
			"target_node_id" : 30,
			"transformation" : 
			[
				0.99995949107130477,
				0.00021556901939405359,
				-0.0089983190882711693,
				0.0,
				-0.00022509475343963716,
				0.99999941539308523,
				-0.0010576132751070168,
				0.0,
				0.0089980858391350178,
				0.0010595959067428197,
				0.99995895501152721,
				0.0,
				-0.0014622042156706805,
				0.0075648758322755839,
				-0.007009813542430474,
				1.0
			],
			"uncertain" : false,
			"version_major" : 1,
			"version_minor" : 0
		},
		{
			"class_name" : "PoseGraphEdge",
			"confidence" : 1.0,
			"information" : 
			[
				868106.37831983622,
				-12346.046301266135,
				-28274.410353716346,
				0.0,
				-434495.24978762865,
				-16190.845492512453,
				-12346.046301266135,
				893103.03260032332,
				65756.898072457931,
				434495.24978762865,
				0.0,
				-11090.684496031958,
				-28274.410353716346,
				65756.898072457931,
				132522.3827201298,
				16190.845492512453,
				11090.684496031958,
				0.0,
				0.0,
				434495.24978762865,
				16190.845492512453,
				251282.0,
				0.0,
				0.0,
				-434495.24978762865,
				0.0,
				11090.684496031958,
				0.0,
				251282.0,
				0.0,
				-16190.845492512453,
				-11090.684496031958,
				0.0,
				0.0,
				0.0,
				251282.0
			],
			"source_node_id" : 30,
			"target_node_id" : 31,
			"transformation" : 
			[
				0.99997444775991751,
				0.0047331177121302664,
				-0.0053573709944201514,
				0.0,
				-0.0047519443931499407,
				0.99998256016105291,
				-0.0035069072173392725,
				0.0,
				0.0053406789580676449,
				0.0035322755370630673,
				0.99997949987877111,
				0.0,
				0.0037884152924302699,
				0.0067468309686402987,
				-0.006847277208320607,
				1.0
			],
			"uncertain" : false,
			"version_major" : 1,
			"version_minor" : 0
		},
		{
			"class_name" : "PoseGraphEdge",
			"confidence" : 1.0,
			"information" : 
			[
				865641.72031787434,
				-11739.978179224221,
				-27830.408930999223,
				0.0,
				-432937.12730234861,
				-16701.827970659127,
				-11739.978179224221,
				890137.70806286612,
				67407.776772912039,
				432937.12730234861,
				0.0,
				-11338.694094011211,
				-27830.408930999223,
				67407.776772912039,
				131728.00696686763,
				16701.827970659127,
				11338.694094011211,
				0.0,
				0.0,
				432937.12730234861,
