{
	"class_name" : "PoseGraph",
	"edges" : 
	[
		{
			"class_name" : "PoseGraphEdge",
			"confidence" : 1.0,
			"information" : 
			[
				563493.42572108808,
				7178.1577246375764,
				26168.510883921368,
				0.0,
				-357601.82838633657,
				-19482.691266955342,
				7178.1577246375764,
				588928.86702135031,
				48163.123829176446,
				357601.82838633657,
				0.0,
				16414.89622165641,
				26168.510883921368,
				48163.123829176446,
				89755.776613900467,
				19482.691266955342,
				-16414.89622165641,
				0.0,
				0.0,
				357601.82838633657,
				19482.691266955342,
				258123.0,
				0.0,
				0.0,
				-357601.82838633657,
				0.0,
				-16414.89622165641,
				0.0,
				258123.0,
				0.0,
				-19482.691266955342,
				16414.89622165641,
				0.0,
				0.0,
				0.0,
				258123.0
			],
			"source_node_id" : 0,
			"target_node_id" : 1,
			"transformation" : 
			[
				0.99999650913204685,
				-0.00075665755187386918,
				0.0025316384156758628,
				0.0,
				0.00074377024745525663,
				0.99998678160844057,
				0.0050875744919907807,
				0.0,
				-0.0025354545031480821,
				-0.0050856737746091361,
				0.99998385356600705,
				0.0,
				-0.000224155309714603,
				-0.0025566476625342545,
				0.0033599931922652774,
				1.0
			],
			"uncertain" : false,
			"version_major" : 1,
			"version_minor" : 0
		},
		{
			"class_name" : "PoseGraphEdge",
			"confidence" : 1.0,
			"information" : 
			[
				556149.39860229997,
				6933.5025334260672,
				28844.909263996811,
				0.0,
				-353332.54067254066,
				-20452.942524856422,
				6933.5025334260672,
				580958.45661636128,
				49505.564093299508,
				353332.54067254066,
				0.0,
				18010.049518303655,
				28844.909263996811,
				49505.564093299508,
				88337.755206614747,
				20452.942524856422,
				-18010.049518303655,
				0.0,
				0.0,
				353332.54067254066,
				20452.942524856422,
				256093.0,
				0.0,
				0.0,
				-353332.54067254066,
				0.0,
				-18010.049518303655,
				0.0,
				256093.0,
				0.0,
				-20452.942524856422,
				18010.049518303655,
				0.0,
				0.0,
				0.0,
				256093.0
			],
			"source_node_id" : 1,
			"target_node_id" : 2,
			"transformation" : 
			[
				0.99998270061996664,
				-0.0027311613987295131,
				0.0052095314772980473,
				0.0,
				0.0027267144896576797,
				0.99999591225683193,
				0.00086052177152920863,
				0.0,
				-0.0052118604059165049,
				-0.00084630198007257967,
				0.99998606004487289,
				0.0,
				0.00068474080067231098,
				-0.0092496249758329593,
				0.0053020550909269925,
				1.0
			],
			"uncertain" : false,
			"version_major" : 1,
			"version_minor" : 0
		},
		{
			"class_name" : "PoseGraphEdge",
			"confidence" : 1.0,
			"information" : 
			[
				555196.60921721032,
				7125.9587163640781,
				29197.606131952132,
				0.0,
				-353566.12466040254,
				-20464.895140894805,
				7125.9587163640781,
				579733.20053247653,
				50121.060672688232,
				353566.12466040254,
				0.0,
				17974.192444878689,
				29197.606131952132,
				50121.060672688232,
				88539.881825418706,
				20464.895140894805,
				-17974.192444878689,
				0.0,
				0.0,
				353566.12466040254,
				20464.895140894805,
				258372.0,
				0.0,
				0.0,
				-353566.12466040254,
				0.0,
				-17974.192444878689,
				0.0,
				258372.0,
				0.0,
				-20464.895140894805,
				17974.192444878689,
				0.0,
				0.0,
				0.0,
				258372.0
			],
			"source_node_id" : 2,
			"target_node_id" : 3,
			"transformation" : 
			[
				0.99997591525905338,
				-0.0056311356295107974,
				0.0040569956053023003,
				0.0,
				0.0056325839107366658,
				0.99998407713677762,
				-0.00034564634531554148,
				0.0,
				-0.004054984624865865,
				0.00036848938868520897,
				0.99999171062327408,
				0.0,
				0.0022927182499544565,
				-0.0060052526232698116,
				0.0025517776651975835,
				1.0
			],
			"uncertain" : false,
			"version_major" : 1,
			"version_minor" : 0
		},
		{
			"class_name" : "PoseGraphEdge",
			"confidence" : 1.0,
			"information" : 
			[
				549715.62946897361,
				7074.1942746827981,
				30219.133291242895,
				0.0,
				-350955.21709769964,
				-20791.296154997312,
				7074.1942746827981,
				574066.80648056557,
				50495.780618699675,
				350955.21709769964,
				0.0,
				18356.784389758541,
				30219.133291242895,
				50495.780618699675,
				87892.719117057655,
				20791.296154997312,
				-18356.784389758541,
				0.0,
				0.0,
				350955.21709769964,
				20791.296154997312,
				257826.0,
				0.0,
				0.0,
				-350955.21709769964,
				0.0,
				-18356.784389758541,
				0.0,
				257826.0,
				0.0,
				-20791.296154997312,
				18356.784389758541,
				0.0,
				0.0,
				0.0,
				257826.0
			],
			"source_node_id" : 3,
			"target_node_id" : 4,
			"transformation" : 
			[
				0.99998695875403276,
				-0.0049969855147249187,
				0.001054731068274313,
				0.0,
				0.0049935312560315491,
				0.99998224237632349,
				0.0032526262642976768,
				0.0,
				-0.0010709656650844332,
				-0.0032473170134423861,
				0.99999415396529112,
				0.0,
				0.00013680630811176446,
				-0.0028763135872875308,
				0.0016795747479677874,
				1.0
			],
			"uncertain" : false,
			"version_major" : 1,
			"version_minor" : 0
		},
		{
			"class_name" : "PoseGraphEdge",
			"confidence" : 1.0,
			"information" : 
			[
				544561.15235574241,
				6875.2690364410246,
				31929.607175070789,
				0.0,
				-348599.70198279619,
				-20815.570242537651,
				6875.2690364410246,
				568748.02782316518,
				50425.28715178914,
				348599.70198279619,
				0.0,
				19298.036919718375,
				31929.607175070789,
				50425.28715178914,
				87089.409039634382,
				20815.570242537651,
				-19298.036919718375,
				0.0,
				0.0,
				348599.70198279619,
				20815.570242537651,
				257305.0,
				0.0,
				0.0,
				-348599.70198279619,
				0.0,
				-19298.036919718375,
				0.0,
				257305.0,
				0.0,
				-20815.570242537651,
				19298.036919718375,
				0.0,
				0.0,
				0.0,
				257305.0
			],
			"source_node_id" : 4,
			"target_node_id" : 5,
			"transformation" : 
			[
				0.99999559436924279,
				-0.0029070745198306823,
				0.000600133186802352,
				0.0,
				0.0029060677618788673,
				0.99999438013179953,
				0.0016716683225345417,
				0.0,
				-0.00060498947851898919,
				-0.001669916930074162,
				0.99999842268134509,
				0.0,
				-0.00077513204016118307,
				-0.0032182624249157028,
				0.0014760154154783382,
				1.0
			],
			"uncertain" : false,
			"version_major" : 1,
			"version_minor" : 0
		},
		{
			"class_name" : "PoseGraphEdge",
			"confidence" : 1.0,
			"information" : 
			[
				538019.84205362725,
				6689.5694763669653,
				33987.117490336488,
				0.0,
				-344697.26239815354,
				-21146.234461742337,
				6689.5694763669653,
				561328.54185344069,
				50851.993209664222,
				344697.26239815354,
				0.0,
				20654.461707112612,
				33987.117490336488,
				50851.993209664222,
				85639.449809529819,
				21146.234461742337,
				-20654.461707112612,
				0.0,
				0.0,
				344697.26239815354,
				21146.234461742337,
				255352.0,
				0.0,
				0.0,
				-344697.26239815354,
				0.0,
				-20654.461707112612,
				0.0,
				255352.0,
				0.0,
				-21146.234461742337,
				20654.461707112612,
				0.0,
				0.0,
				0.0,
				255352.0
			],
			"source_node_id" : 5,
			"target_node_id" : 6,
			"transformation" : 
			[
				0.99997481335723271,
				-0.0056925568246383139,
				0.0042388026571690413,
				0.0,
				0.0056944476500382576,
				0.99998369226120554,
				-0.00043414007677063977,
				0.0,
				-0.0042362621648256412,
				0.00045826678206971019,
				0.99999092199600881,
				0.0,
				-0.0025704382827259321,
				-0.0062010459495571548,
				0.0025476643970815767,
				1.0
			],
			"uncertain" : false,
			"version_major" : 1,
			"version_minor" : 0
		},
		{
			"class_name" : "PoseGraphEdge",
			"confidence" : 1.0,
			"information" : 
			[
				536018.02318521799,
				6727.3875845977464,
				33890.706367443461,
				0.0,
				-344274.84445059299,
				-21325.972973866505,
				6727.3875845977464,
				559254.48879088392,
				51441.348256666613,
				344274.84445059299,
				0.0,
				20378.608568686643,
				33890.706367443461,
				51441.348256666613,
				85658.213077289809,
				21325.972973866505,
				-20378.608568686643,
				0.0,
				0.0,
				344274.84445059299,
				21325.972973866505,
				256926.0,
				0.0,
				0.0,
				-344274.84445059299,
				0.0,
				-20378.608568686643,
				0.0,
				256926.0,
				0.0,
				-21325.972973866505,
				20378.608568686643,
				0.0,
				0.0,
				0.0,
				256926.0
			],
			"source_node_id" : 6,
			"target_node_id" : 7,
			"transformation" : 
			[
				0.99999180121190279,
				-0.0023859768007274905,
				0.0032717921207035404,
				0.0,
				0.0023841200760762403,
				0.99999699480222692,
				0.00057127749729444523,
				0.0,
				-0.0032731453431764672,
				-0.00056347246823158304,
				0.99999448449395922,
				0.0,
				-0.00065873932999681133,
				-0.0035757860112976482,
				0.0012723038807226784,
				1.0
			],
			"uncertain" : false,
			"version_major" : 1,
			"version_minor" : 0
		},
		{
			"class_name" : "PoseGraphEdge",
			"confidence" : 1.0,
			"information" : 
			[
				529501.14165474393,
				6576.1616258174681,
				35132.397773106204,
				0.0,
				-340962.193400383,
				-21324.545085255406,
				6576.1616258174681,
				552334.33873154549,
				51277.247984014823,
				340962.193400383,
				0.0,
				21056.649705528864,
				35132.397773106204,
				51277.247984014823,
				84765.725511499142,
				21324.545085255406,
				-21056.649705528864,
				0.0,
				0.0,
				340962.193400383,
				21324.545085255406,
				255778.0,
				0.0,
				0.0,
				-340962.193400383,
				0.0,
				-21056.649705528864,
				0.0,
				255778.0,
				0.0,
				-21324.545085255406,
				21056.649705528864,
				0.0,
				0.0,
				0.0,
				255778.0
			],
			"source_node_id" : 7,
			"target_node_id" : 8,
			"transformation" : 
			[
				0.99998137784520369,
				-0.0052060240008710741,
				0.0031845371580328696,
				0.0,
				0.0051999558043861636,
				0.99998465445694928,
				0.0019108401941712024,
				0.0,
				-0.0031944361694934992,
				-0.0018942451577301197,
				0.99999310368264072,
				0.0,
				-0.0018118702078630967,
				-0.0022161291546564143,
				0.00094765678036604279,
				1.0
			],
			"uncertain" : false,
			"version_major" : 1,
			"version_minor" : 0
		},
		{
			"class_name" : "PoseGraphEdge",
			"confidence" : 1.0,
			"information" : 
			[
				526897.13307297253,
				6550.8550776817128,
				36041.048755151125,
				0.0,
				-339402.86026927829,
				-21650.841244632262,
				6550.8550776817128,
				549511.13296163979,
				51690.95352864101,
				339402.86026927829,
				0.0,
				21542.082516098162,
				36041.048755151125,
				51690.95352864101,
				84530.481016020523,
				21650.841244632262,
				-21542.082516098162,
				0.0,
				0.0,
				339402.86026927829,
				21650.841244632262,
				255130.0,
				0.0,
				0.0,
				-339402.86026927829,
				0.0,
				-21542.082516098162,
				0.0,
				255130.0,
				0.0,
				-21650.841244632262,
				21542.082516098162,
				0.0,
				0.0,
				0.0,
				255130.0
			],
			"source_node_id" : 8,
			"target_node_id" : 9,
			"transformation" : 
			[
				0.99998323667517752,
				-0.0048380314942457776,
				0.0031811664364146228,
				0.0,
				0.0048334754630919114,
				0.99998728429352468,
				0.0014383206211080212,
				0.0,
				-0.0031880846260997119,
				-0.0014229204201578283,
				0.9999939056883772,
				0.0,
				-0.0012225556751762881,
				-0.0008530048869881306,
				0.0010587947628097299,
				1.0
			],
			"uncertain" : false,
			"version_major" : 1,
			"version_minor" : 0
		},
		{
			"class_name" : "PoseGraphEdge",
			"confidence" : 1.0,
			"information" : 
			[
				525013.20756141143,
				6514.0903842113821,
				36576.52197956702,
				0.0,
				-338290.25971180201,
				-21802.970676021301,
				6514.0903842113821,
				547370.18875780271,
				51971.430625884306,
				338290.25971180201,
				0.0,
				21903.806070864084,
				36576.52197956702,
				51971.430625884306,
				84218.577014136201,
				21802.970676021301,
				-21903.806070864084,
				0.0,
				0.0,
				338290.25971180201,
				21802.970676021301,
				254743.0,
				0.0,
				0.0,
				-338290.25971180201,
				0.0,
				-21903.806070864084,
				0.0,
				254743.0,
				0.0,
				-21802.970676021301,
				21903.806070864084,
				0.0,
				0.0,
				0.0,
				254743.0
			],
			"source_node_id" : 9,
			"target_node_id" : 10,
			"transformation" : 
			[
				0.9999944855372378,
				-0.001525981958097626,
				0.002949622718170643,
				0.0,
				0.00152379412936022,
				0.99999856237811602,
				0.00074383677777561301,
				0.0,
				-0.0029507535592311275,
				-0.00073933805813362354,
				0.99999537320563059,
				0.0,
				-0.0019549950394388989,
				-0.00034536002619039335,
				0.00081832386676196963,
				1.0
			],
			"uncertain" : false,
			"version_major" : 1,
			"version_minor" : 0
		},
		{
			"class_name" : "PoseGraphEdge",
			"confidence" : 1.0,
			"information" : 
			[
				525440.08260651608,
				6452.6108052786867,
				36852.658075504231,
				0.0,
				-338539.9108146131,
				-21748.038511442835,
				6452.6108052786867,
				547997.8657438067,
				52139.861497139478,
				338539.9108146131,
				0.0,
				21963.734897063754,
				36852.658075504231,
				52139.861497139478,
				84443.692376735402,
				21748.038511442835,
				-21963.734897063754,
				0.0,
				0.0,
				338539.9108146131,
				21748.038511442835,
				255448.0,
				0.0,
				0.0,
				-338539.9108146131,
				0.0,
				-21963.734897063754,
				0.0,
				255448.0,
				0.0,
				-21748.038511442835,
				21963.734897063754,
				0.0,
				0.0,
				0.0,
				255448.0
			],
			"source_node_id" : 10,
			"target_node_id" : 11,
			"transformation" : 
			[
				0.99999365270722373,
				-0.00038355177909850326,
				0.0035422356353612635,
				0.0,
				0.00038454198924632035,
				0.99999988718032107,
				-0.00027886699844444177,
				0.0,
				-0.0035421282757939925,
				0.00028022736673156094,
				0.99999368738002514,
				0.0,
				-0.00041160171499985635,
				0.000254401329750902,
				0.0018014028973905322,
				1.0
			],
			"uncertain" : false,
			"version_major" : 1,
			"version_minor" : 0
		},
		{
			"class_name" : "PoseGraphEdge",
			"confidence" : 1.0,
			"information" : 
			[
				524150.04423404479,
				6494.9586004783296,
				36465.812987183046,
				0.0,
				-337206.61186230183,
				-22027.646859969478,
				6494.9586004783296,
				546497.35471720854,
				52629.400879319386,
				337206.61186230183,
				0.0,
				21737.06226039707,
				36465.812987183046,
				52629.400879319386,
				84200.746575661193,
				22027.646859969478,
				-21737.06226039707,
				0.0,
				0.0,
				337206.61186230183,
				22027.646859969478,
				254307.0,
				0.0,
				0.0,
				-337206.61186230183,
				0.0,
				-21737.06226039707,
				0.0,
				254307.0,
				0.0,
				-22027.646859969478,
				21737.06226039707,
				0.0,
				0.0,
				0.0,
				254307.0
			],
			"source_node_id" : 11,
			"target_node_id" : 12,
			"transformation" : 
			[
				0.99999649664815426,
				0.00011704553552633092,
				0.0026444265464631968,
				0.0,
				-0.00011682024169005542,
				0.99999998953420199,
				-8.5350025704674704e-05,
				0.0,
				-0.0026444365086266295,
				8.5040804145213728e-05,
				0.99999649985568151,
				0.0,
				-0.0027645306516446188,
				0.00080897010017475077,
				0.0010901145284608045,
				1.0
			],
			"uncertain" : false,
			"version_major" : 1,
			"version_minor" : 0
		},
		{
			"class_name" : "PoseGraphEdge",
			"confidence" : 1.0,
			"information" : 
			[
				525452.07361064234,
				6562.0279113669358,
				36585.772549217116,
				0.0,
				-337804.59438765049,
				-21794.461759238504,
				6562.0279113669358,
				548204.85806479247,
				52474.806953410443,
				337804.59438765049,
				0.0,
				21697.179901057505,
				36585.772549217116,
				52474.806953410443,
				84500.324262146387,
				21794.461759238504,
				-21697.179901057505,
				0.0,
				0.0,
				337804.59438765049,
				21794.461759238504,
				254809.0,
				0.0,
				0.0,
				-337804.59438765049,
				0.0,
				-21697.179901057505,
				0.0,
				254809.0,
				0.0,
				-21794.461759238504,
				21697.179901057505,
				0.0,
				0.0,
				0.0,
				254809.0
			],
			"source_node_id" : 12,
			"target_node_id" : 13,
			"transformation" : 
			[
				0.99999165962467451,
				-0.0020750656196941741,
				0.0035177810850542351,
				0.0,
				0.00207713479334686,
				0.99999767184335209,
				-0.00058465282432242072,
				0.0,
				-0.0035165597021336106,
				0.00059195485358557419,
				0.99999364167844251,
				0.0,
				0.00071176844058907932,
				0.0007528865891333476,
				0.0021695275318269836,
				1.0
			],
			"uncertain" : false,
			"version_major" : 1,
			"version_minor" : 0
		},
		{
			"class_name" : "PoseGraphEdge",
			"confidence" : 1.0,
			"information" : 
			[
				527381.39848603774,
				6618.1100019180512,
				36731.405462597264,
				0.0,
				-338564.67823141813,
				-21713.941691690707,
				6618.1100019180512,
				550369.3897211263,
				52480.018065312004,
				338564.67823141813,
				0.0,
				21785.879942236177,
				36731.405462597264,
				52480.018065312004,
				84856.783383684742,
				21713.941691690707,
				-21785.879942236177,
				0.0,
				0.0,
				338564.67823141813,
				21713.941691690707,
				254970.0,
				0.0,
				0.0,
				-338564.67823141813,
				0.0,
				-21785.879942236177,
				0.0,
				254970.0,
				0.0,
				-21713.941691690707,
				21785.879942236177,
				0.0,
				0.0,
				0.0,
				254970.0
			],
			"source_node_id" : 13,
			"target_node_id" : 14,
			"transformation" : 
			[
				0.99999928263054194,
				-0.00056319116585272001,
				0.0010571443195628995,
				0.0,
				0.00056357217347589546,
				0.99999977633958581,
				-0.00036014883704606031,
				0.0,
				-0.001056941250478148,
				0.00036074435580813748,
				0.99999937636915714,
				0.0,
				-0.001579771795873774,
				0.0010103393514020321,
				0.0022409995858087774,
				1.0
			],
			"uncertain" : false,
			"version_major" : 1,
			"version_minor" : 0
		},
		{
			"class_name" : "PoseGraphEdge",
			"confidence" : 1.0,
			"information" : 
			[
				530505.2148374141,
				6639.69654105065,
				36683.676521443507,
				0.0,
				-339835.50701776147,
				-21959.195348085253,
				6639.69654105065,
				553569.7402307475,
				53073.743665622511,
				339835.50701776147,
				0.0,
				21723.0582538991,
				36683.676521443507,
				53073.743665622511,
				85533.089405540974,
				21959.195348085253,
				-21723.0582538991,
				0.0,
				0.0,
				339835.50701776147,
				21959.195348085253,
				255375.0,
				0.0,
				0.0,
				-339835.50701776147,
				0.0,
				-21723.0582538991,
				0.0,
				255375.0,
				0.0,
				-21959.195348085253,
				21723.0582538991,
				0.0,
				0.0,
				0.0,
				255375.0
			],
			"source_node_id" : 14,
			"target_node_id" : 15,
			"transformation" : 
			[
				0.99999969654639131,
				0.0003647556028177022,
				0.0006883752427791043,
				0.0,
				-0.00036566576432285868,
				0.99999905860677318,
				0.0013225256581531665,
				0.0,
				-0.00068789219610363155,
				-0.0013227769720872732,
				0.99999888853208707,
				0.0,
				-0.0018894864613496483,
				0.0035395576122438932,
				0.0023140067867929975,
				1.0
			],
			"uncertain" : false,
			"version_major" : 1,
			"version_minor" : 0
		},
		{
			"class_name" : "PoseGraphEdge",
			"confidence" : 1.0,
			"information" : 
			[
				532454.85818909737,
				6650.6880729801496,
				36301.726293418847,
				0.0,
				-340604.34083285928,
				-21057.164926897618,
				6650.6880729801496,
				556096.09236232843,
				51796.122628686731,
				340604.34083285928,
				0.0,
				21237.258127558976,
				36301.726293418847,
				51796.122628686731,
				85358.205851745108,
				21057.164926897618,
				-21237.258127558976,
				0.0,
				0.0,
				340604.34083285928,
				21057.164926897618,
				255238.0,
				0.0,
				0.0,
				-340604.34083285928,
				0.0,
				-21237.258127558976,
				0.0,
				255238.0,
				0.0,
				-21057.164926897618,
				21237.258127558976,
				0.0,
				0.0,
				0.0,
				255238.0
			],
			"source_node_id" : 15,
			"target_node_id" : 16,
			"transformation" : 
			[
				0.99999846857407271,
				-0.00067876652176569068,
				0.0016131105105595058,
				0.0,
				0.00068211106802427827,
				0.99999761722847569,
				-0.0020737072752647153,
				0.0,
				-0.0016116991038113257,
				0.002074804420068826,
				0.99999654880035282,
				0.0,
				0.0007920659542774535,
				0.0034414462871395369,
				0.0025258321547287038,
				1.0
			],
			"uncertain" : false,
			"version_major" : 1,
			"version_minor" : 0
		},
		{
			"class_name" : "PoseGraphEdge",
			"confidence" : 1.0,
			"information" : 
			[
				538754.1579305093,
				6877.6314129212924,
				34715.947662132225,
				0.0,
				-343273.78367468715,
				-20318.655007864232,
				6877.6314129212924,
				562790.62858837238,
				50954.504967235684,
				343273.78367468715,
				0.0,
				20171.596983240684,
				34715.947662132225,
				50954.504967235684,
				85828.728675966748,
				20318.655007864232,
				-20171.596983240684,
				0.0,
				0.0,
				343273.78367468715,
				20318.655007864232,
				255588.0,
				0.0,
				0.0,
				-343273.78367468715,
				0.0,
				-20171.596983240684,
				0.0,
				255588.0,
				0.0,
				-20318.655007864232,
				20171.596983240684,
				0.0,
				0.0,
				0.0,
				255588.0
			],
			"source_node_id" : 16,
			"target_node_id" : 17,
			"transformation" : 
			[
				0.99999836369689243,
				0.0015100648495263271,
				-0.00099614641892404004,
				0.0,
				-0.0015134272263362131,
				0.99999313135096224,
				-0.0033833103504285122,
				0.0,
				0.00099103055870867931,
				0.0033848124094190877,
				0.99999378043235043,
				0.0,
				8.9321989463355279e-05,
				0.0043581376878795153,
				0.0023026190924342188,
				1.0
			],
			"uncertain" : false,
			"version_major" : 1,
			"version_minor" : 0
		},
		{
			"class_name" : "PoseGraphEdge",
			"confidence" : 1.0,
			"information" : 
			[
				549214.79576602892,
				7212.2339634907403,
				33579.945671593487,
				0.0,
				-347578.51522099972,
				-20218.979550123215,
				7212.2339634907403,
				573878.81057507009,
				51304.577498947889,
				347578.51522099972,
				0.0,
				19711.15673790127,
				33579.945671593487,
				51304.577498947889,
				87494.694100492474,
				20218.979550123215,
				-19711.15673790127,
				0.0,
				0.0,
				347578.51522099972,
				20218.979550123215,
				256304.0,
				0.0,
				0.0,
				-347578.51522099972,
				0.0,
				-19711.15673790127,
				0.0,
				256304.0,
				0.0,
				-20218.979550123215,
				19711.15673790127,
				0.0,
				0.0,
				0.0,
				256304.0
			],
			"source_node_id" : 17,
			"target_node_id" : 18,
			"transformation" : 
			[
				0.99999075021585326,
				0.0042411506327932839,
				-0.00071562842600568803,
				0.0,
				-0.004243798635840311,
				0.99998400034611834,
				-0.0037402172281106923,
				0.0,
				0.00069975415153477921,
				0.0037432196148467251,
				0.99999274929923421,
				0.0,
				-0.00049103370941672034,
				0.0050383349760456993,
				0.002296747144797745,
				1.0
			],
			"uncertain" : false,
			"version_major" : 1,
			"version_minor" : 0
		},
		{
			"class_name" : "PoseGraphEdge",
			"confidence" : 1.0,
			"information" : 
			[
				559328.11305644375,
				7692.1723198763038,
				31593.064674764784,
				0.0,
				-351465.80740791559,
				-20092.419021602604,
				7692.1723198763038,
				584490.40058758645,
				51681.328212007116,
				351465.80740791559,
				0.0,
				18636.394490059756,
				31593.064674764784,
				51681.328212007116,
				89069.687000603328,
				20092.419021602604,
				-18636.394490059756,
				0.0,
				0.0,
				351465.80740791559,
				20092.419021602604,
				256790.0,
				0.0,
				0.0,
				-351465.80740791559,
				0.0,
				-18636.394490059756,
				0.0,
				256790.0,
				0.0,
				-20092.419021602604,
				18636.394490059756,
				0.0,
				0.0,
				0.0,
				256790.0
			],
			"source_node_id" : 18,
			"target_node_id" : 19,
			"transformation" : 
			[
				0.99999807294707865,
				0.0011612695714177056,
				-0.0015828945358943949,
				0.0,
				-0.0011664728171800324,
				0.99999390687318679,
				-0.0032902215227508772,
				0.0,
				0.0015790640569796623,
				0.0032920615857684617,
				0.99999333442139482,
				0.0,
				-0.00066107019425403347,
				0.005853362172451455,
				0.0020111141307210794,
				1.0
			],
			"uncertain" : false,
			"version_major" : 1,
			"version_minor" : 0
		},
		{
			"class_name" : "PoseGraphEdge",
			"confidence" : 1.0,
			"information" : 
			[
				567833.93129733461,
				7833.6149026962285,
				31041.301078843404,
				0.0,
				-354370.28127905726,
				-19570.52112779906,
				7833.6149026962285,
				593796.15657588327,
				51202.868007298785,
				354370.28127905726,
				0.0,
				18607.328302118869,
				31041.301078843404,
				51202.868007298785,
				90365.665428678753,
				19570.52112779906,
				-18607.328302118869,
				0.0,
				0.0,
				354370.28127905726,
				19570.52112779906,
				256101.0,
				0.0,
				0.0,
				-354370.28127905726,
				0.0,
				-18607.328302118869,
				0.0,
				256101.0,
				0.0,
				-19570.52112779906,
				18607.328302118869,
				0.0,
				0.0,
				0.0,
				256101.0
			],
			"source_node_id" : 19,
			"target_node_id" : 20,
			"transformation" : 
			[
				0.99999616489959464,
				0.0027480083912142274,
				-0.00034443574789591591,
				0.0,
				-0.0027493361169381482,
				0.99998855500209782,
				-0.003915484099364641,
				0.0,
				0.00033367202266878517,
				0.0039164160527316331,
				0.99999227514430489,
				0.0,
				-0.0017362932604083918,
				0.0075391575912799966,
				0.0015635599057290308,
				1.0
			],
			"uncertain" : false,
			"version_major" : 1,
			"version_minor" : 0
		},
		{
			"class_name" : "PoseGraphEdge",
			"confidence" : 1.0,
			"information" : 
			[
				579385.7334365641,
				8242.53166265256,
				28756.847120638573,
				0.0,
				-358854.97459617257,
				-19318.740325012477,
				8242.53166265256,
				606049.22032701632,
				51376.443597155419,
				358854.97459617257,
				0.0,
				17480.594152643229,
				28756.847120638573,
				51376.443597155419,
				92051.897421554429,
				19318.740325012477,
				-17480.594152643229,
				0.0,
				0.0,
				358854.97459617257,
				19318.740325012477,
				256621.0,
				0.0,
				0.0,
				-358854.97459617257,
				0.0,
				-17480.594152643229,
				0.0,
				256621.0,
				0.0,
				-19318.740325012477,
				17480.594152643229,
				0.0,
				0.0,
				0.0,
				256621.0
			],
			"source_node_id" : 20,
			"target_node_id" : 21,
			"transformation" : 
			[
				0.99999050192986261,
				0.0043521664635934659,
				-0.00023387418521769499,
				0.0,
				-0.0043534038469375215,
				0.99997495503461231,
				-0.0055800697550673715,
				0.0,
				0.00020958293539430551,
				0.0055810349039510966,
				0.99998440394057819,
				0.0,
				-0.00077812676502127189,
				0.0061219642698306957,
				0.0018678672356257711,
				1.0
			],
			"uncertain" : false,
			"version_major" : 1,
			"version_minor" : 0
		},
		{
			"class_name" : "PoseGraphEdge",
			"confidence" : 1.0,
			"information" : 
			[
				591519.84908396541,
				8597.5381892508321,
				26852.77660824142,
				0.0,
				-363399.15707582235,
				-19342.89408686955,
				8597.5381892508321,
				618695.71398763836,
				51963.166464781854,
				363399.15707582235,
				0.0,
				16721.111174815684,
				26852.77660824142,
				51963.166464781854,
				94071.693601891384,
				19342.89408686955,
				-16721.111174815684,
				0.0,
				0.0,
				363399.15707582235,
				19342.89408686955,
				257005.0,
				0.0,
				0.0,
				-363399.15707582235,
				0.0,
				-16721.111174815684,
				0.0,
				257005.0,
				0.0,
				-19342.89408686955,
				16721.111174815684,
				0.0,
				0.0,
				0.0,
				257005.0
			],
			"source_node_id" : 21,
			"target_node_id" : 22,
			"transformation" : 
			[
				0.99999476080103067,
				0.0031315865864413738,
				0.00081947296535161832,
				0.0,
				-0.0031274479803195024,
				0.99998259041849158,
				-0.0050037914678713125,
				0.0,
				-0.00083512850491236981,
				0.0050012023929417978,
				0.99998714518487941,
				0.0,
				-6.4106652920827484e-05,
				0.0062286882060478364,
				0.0012654196872536956,
				1.0
			],
			"uncertain" : false,
			"version_major" : 1,
			"version_minor" : 0
		},
		{
			"class_name" : "PoseGraphEdge",
			"confidence" : 1.0,
			"information" : 
			[
				598521.07729120541,
				8555.674087774034,
				24522.714329375383,
				0.0,
				-364095.95853513479,
				-17000.466911328142,
				8555.674087774034,
				627462.26515240944,
				48062.554068001882,
				364095.95853513479,
				0.0,
				15894.544785112783,
				24522.714329375383,
				48062.554068001882,
				93872.728259285315,
				17000.466911328142,
				-15894.544785112783,
				0.0,
				0.0,
				364095.95853513479,
				17000.466911328142,
				252390.0,
				0.0,
				0.0,
				-364095.95853513479,
				0.0,
				-15894.544785112783,
				0.0,
				252390.0,
				0.0,
				-17000.466911328142,
				15894.544785112783,
				0.0,
				0.0,
				0.0,
				252390.0
			],
			"source_node_id" : 22,
			"target_node_id" : 23,
			"transformation" : 
			[
				0.99994955360363968,
				0.0099578255408760002,
				0.0013160388969468953,
				0.0,
				-0.0099437219022817519,
				0.99989729657310999,
				-0.010320789723401723,
				0.0,
				-0.0014186763587519607,
				0.010307182751948767,
				0.99994587320569894,
				0.0,
				-0.0015538768591110302,
				0.012883762904194133,
				0.002276288180543721,
				1.0
			],
			"uncertain" : false,
			"version_major" : 1,
			"version_minor" : 0
		},
		{
			"class_name" : "PoseGraphEdge",
			"confidence" : 1.0,
			"information" : 
			[
				625781.42270488921,
				9499.8015472349362,
				20371.337834572099,
				0.0,
				-376921.42281621695,
				-18922.754556343774,
				9499.8015472349362,
				654805.82443445944,
				52315.923286366524,
				376921.42281621695,
				0.0,
				13850.842575018178,
				20371.337834572099,
				52315.923286366524,
				99673.292306872783,
				18922.754556343774,
				-13850.842575018178,
				0.0,
				0.0,
				376921.42281621695,
				18922.754556343774,
				258636.0,
				0.0,
				0.0,
				-376921.42281621695,
				0.0,
				-13850.842575018178,
				0.0,
				258636.0,
				0.0,
				-18922.754556343774,
				13850.842575018178,
				0.0,
				0.0,
				0.0,
				258636.0
			],
			"source_node_id" : 23,
			"target_node_id" : 24,
			"transformation" : 
			[
				0.99999848597669916,
				0.0017324677880822825,
				-0.00016309406060145806,
				0.0,
				-0.0017328600831634225,
				0.99999552976381134,
				-0.0024367290220914163,
				0.0,
				0.00015887177699342906,
				0.0024370079520143165,
				0.99999701787155348,
				0.0,
				0.00072561076142021183,
				0.0073146233384539672,
				0.0009487402162918785,
				1.0
			],
			"uncertain" : false,
			"version_major" : 1,
			"version_minor" : 0
		},
		{
			"class_name" : "PoseGraphEdge",
			"confidence" : 1.0,
			"information" : 
			[
				634505.15904606273,
				9557.113010072082,
				18581.091371257895,
				0.0,
				-380435.50449165702,
				-18442.866276549757,
				9557.113010072082,
				664077.00392971607,
				51631.608924163935,
				380435.50449165702,
				0.0,
				12997.491304525989,
				18581.091371257895,
				51631.608924163935,
				100994.81809638751,
				18442.866276549757,
				-12997.491304525989,
				0.0,
				0.0,
				380435.50449165702,
				18442.866276549757,
				258967.0,
				0.0,
				0.0,
				-380435.50449165702,
				0.0,
				-12997.491304525989,
				0.0,
				258967.0,
				0.0,
				-18442.866276549757,
				12997.491304525989,
				0.0,
				0.0,
				0.0,
				258967.0
			],
			"source_node_id" : 24,
			"target_node_id" : 25,
			"transformation" : 
			[
				0.99999311576911665,
				0.0036726385853792934,
				-0.0005292827182134419,
				0.0,
				-0.0036741249317850211,
				0.999989231271736,
				-0.0028351625260166356,
				0.0,
				0.00051886449122280555,
				0.0028370876589341675,
				0.99999584084797855,
				0.0,
				-0.00013040876179751102,
				0.0074602256851454577,
				0.00071586856305911641,
				1.0
			],
			"uncertain" : false,
			"version_major" : 1,
			"version_minor" : 0
		},
		{
			"class_name" : "PoseGraphEdge",
			"confidence" : 1.0,
			"information" : 
			[
				643346.11029078357,
				9472.5619284445365,
				17290.643359679401,
				0.0,
				-383955.20939192176,
				-18484.225498779793,
				9472.5619284445365,
				673309.09898925771,
				51762.094789800547,
				383955.20939192176,
				0.0,
				12632.440417762264,
				17290.643359679401,
				51762.094789800547,
				102423.1209681271,
				18484.225498779793,
				-12632.440417762264,
				0.0,
				0.0,
				383955.20939192176,
				18484.225498779793,
				259312.0,
				0.0,
				0.0,
				-383955.20939192176,
				0.0,
				-12632.440417762264,
				0.0,
				259312.0,
				0.0,
				-18484.225498779793,
				12632.440417762264,
				0.0,
				0.0,
				0.0,
				259312.0
			],
			"source_node_id" : 25,
			"target_node_id" : 26,
			"transformation" : 
			[
				0.99997455946789326,
				0.0070935825274479137,
				0.00074933565158042802,
				0.0,
				-0.007091849801219908,
				0.99997222985302636,
				-0.0022902377961116728,
				0.0,
				-0.00076556083323344934,
				0.0022848653553517824,
				0.99999709664924441,
				0.0,
				-0.00075082774589189266,
				0.0065521197287265725,
				0.0011211712666037064,
				1.0
			],
			"uncertain" : false,
			"version_major" : 1,
			"version_minor" : 0
		},
		{
			"class_name" : "PoseGraphEdge",
			"confidence" : 1.0,
			"information" : 
			[
				650873.25537884352,
				9595.9644287770552,
				15832.723976193925,
				0.0,
				-386773.17862087488,
				-18413.619826521724,
				9595.9644287770552,
				681063.49313417915,
				51774.270930196486,
				386773.17862087488,
				0.0,
				12066.16835278389,
				15832.723976193925,
				51774.270930196486,
				103717.92858557981,
				18413.619826521724,
				-12066.16835278389,
				0.0,
				0.0,
				386773.17862087488,
				18413.619826521724,
				259472.0,
				0.0,
				0.0,
				-386773.17862087488,
				0.0,
				-12066.16835278389,
				0.0,
				259472.0,
				0.0,
				-18413.619826521724,
				12066.16835278389,
				0.0,
				0.0,
				0.0,
				259472.0
			],
			"source_node_id" : 26,
			"target_node_id" : 27,
			"transformation" : 
			[
				0.99999085459898185,
				0.0035278070202142049,
				0.0024177047021345629,
				0.0,
				-0.0035252002129834556,
				0.99999320149650783,
				-0.0010816303536631603,
				0.0,
				-0.0024215040485156326,
				0.0010730975685889271,
				0.9999964923837239,
				0.0,
				0.00033402313839784919,
				0.0069300885038037011,
				0.0008425073051081893,
				1.0
			],
			"uncertain" : false,
			"version_major" : 1,
			"version_minor" : 0
		},
		{
			"class_name" : "PoseGraphEdge",
			"confidence" : 1.0,
			"information" : 
			[
				655094.74042010924,
				9785.5767232654543,
				13631.464375184141,
				0.0,
				-387475.4444309473,
				-17154.381229622872,
				9785.5767232654543,
				686048.43450678058,
				49577.031560041672,
				387475.4444309473,
				0.0,
				10894.563087303657,
				13631.464375184141,
				49577.031560041672,
				104265.96027571359,
				17154.381229622872,
				-10894.563087303657,
				0.0,
				0.0,
				387475.4444309473,
				17154.381229622872,
				257613.0,
				0.0,
				0.0,
				-387475.4444309473,
				0.0,
				-10894.563087303657,
				0.0,
				257613.0,
				0.0,
				-17154.381229622872,
				10894.563087303657,
				0.0,
				0.0,
				0.0,
				257613.0
			],
			"source_node_id" : 27,
			"target_node_id" : 28,
			"transformation" : 
			[
				0.99999572644566104,
				-0.0021775734353125516,
				0.0019507086784852413,
				0.0,
				0.0021814332744560724,
				0.99999566294317177,
				-0.001978748017163281,
				0.0,
				-0.0019463913490334946,
				0.0019829949016961241,
				0.99999613963851752,
				0.0,
				0.0042973574863300777,
				0.011488735733283392,
				0.00093575161445564855,
				1.0
			],
			"uncertain" : false,
			"version_major" : 1,
			"version_minor" : 0
		},
		{
			"class_name" : "PoseGraphEdge",
			"confidence" : 1.0,
			"information" : 
			[
				668479.95290002436,
				9947.1343769852956,
				12175.517161061616,
				0.0,
				-393969.82186567783,
				-16925.785120980931,
				9947.1343769852956,
				699757.84496152459,
				49539.786316238737,
				393969.82186567783,
				0.0,
				10211.052839653334,
				12175.517161061616,
				49539.786316238737,
				106310.88707780473,
				16925.785120980931,
				-10211.052839653334,
				0.0,
				0.0,
				393969.82186567783,
				16925.785120980931,
				260595.0,
				0.0,
				0.0,
				-393969.82186567783,
				0.0,
				-10211.052839653334,
				0.0,
				260595.0,
				0.0,
				-16925.785120980931,
				10211.052839653334,
				0.0,
				0.0,
				0.0,
				260595.0
			],
			"source_node_id" : 28,
			"target_node_id" : 29,
			"transformation" : 
			[
				0.99999814360563133,
				0.0019262102325448525,
				-4.9994309005497259e-05,
				0.0,
				-0.0019263132923808865,
				0.9999958323765139,
				-0.0021504759247043853,
				0.0,
				4.5851831917031884e-05,
				0.0021505682372749686,
				0.99999768647425702,
				0.0,
				0.0011499578212764237,
				0.0076572187261658448,
				0.001514409487669324,
				1.0
			],
			"uncertain" : false,
			"version_major" : 1,
			"version_minor" : 0
		},
		{
			"class_name" : "PoseGraphEdge",
			"confidence" : 1.0,
			"information" : 
			[
				678027.51772858354,
				9990.2758521735286,
				10364.827800345671,
				0.0,
				-397805.38222289085,
				-16534.673842215561,
				9990.2758521735286,
				709760.124270509,
				48937.488737586333,
				397805.38222289085,
				0.0,
				9373.3931539377663,
				10364.827800345671,
				48937.488737586333,
				107898.67742435212,
				16534.673842215561,
				-9373.3931539377663,
				0.0,
				0.0,
				397805.38222289085,
				16534.673842215561,
				261253.0,
				0.0,
				0.0,
				-397805.38222289085,
				0.0,
				-9373.3931539377663,
				0.0,
				261253.0,
				0.0,
				-16534.673842215561,
				9373.3931539377663,
				0.0,
				0.0,
				0.0,
				261253.0
			],
			"source_node_id" : 29,
			"target_node_id" : 30,
			"transformation" : 
			[
				0.99999674222539658,
				0.0024102869633884864,
				0.00084027099772637965,
				0.0,
				-0.0024084843712618284,
				0.99999481042438954,
				-0.0021397026248730069,
				0.0,
				-0.00084542393441875915,
				0.0021376718746384865,
				0.99999735780517274,
				0.0,
				0.0027577006458865076,
				0.0067889034886669773,
				0.0019943103906161701,
				1.0
			],
			"uncertain" : false,
			"version_major" : 1,
			"version_minor" : 0
		},
		{
			"class_name" : "PoseGraphEdge",
			"confidence" : 1.0,
			"information" : 
			[
				686834.19603560457,
				10111.412645440603,
				9176.5325556682183,
				0.0,
				-401270.87403231859,
				-16178.240487864474,
				10111.412645440603,
				718610.03059790086,
				48295.031336593682,
				401270.87403231859,
				0.0,
				8919.5279004807817,
				9176.5325556682183,
				48295.031336593682,
				109200.9403638918,
				16178.240487864474,
				-8919.5279004807817,
				0.0,
				0.0,
				401270.87403231859,
				16178.240487864474,
				261663.0,
				0.0,
				0.0,
				-401270.87403231859,
				0.0,
				-8919.5279004807817,
				0.0,
				261663.0,
				0.0,
				-16178.240487864474,
				8919.5279004807817,
				0.0,
				0.0,
				0.0,
				261663.0
			],
			"source_node_id" : 30,
			"target_node_id" : 31,
			"transformation" : 
			[
				0.99999993830717826,
				9.190693998741726e-05,
				-0.00033902618530355102,
				0.0,
				-9.2268079079948039e-05,
				0.99999942824399357,
				-0.0010653629845113694,
				0.0,
				0.00033892807721140898,
				0.0010653942000809968,
				0.99999937503128367,
				0.0,
				0.00084521988837481287,
				0.0069620987207872119,
				0.0011232405301845705,
				1.0
			],
			"uncertain" : false,
			"version_major" : 1,
			"version_minor" : 0
		},
		{
			"class_name" : "PoseGraphEdge",
			"confidence" : 1.0,
			"information" : 
			[
				694865.31634978845,
				10064.378749517871,
				7766.6858726784794,
				0.0,
				-404386.36085057259,
				-15856.857202337356,
				10064.378749517871,
				727192.49948298244,
				47655.47578547887,
				404386.36085057259,
				0.0,
				8258.5628733669873,
				7766.6858726784794,
				47655.47578547887,
				110658.40610965266,
				15856.857202337356,
				-8258.5628733669873,
				0.0,
				0.0,
				404386.36085057259,
				15856.857202337356,
				262036.0,
				0.0,
				0.0,
				-404386.36085057259,
				0.0,
