{
	"class_name" : "PoseGraph",
	"edges" : 
	[
		{
			"class_name" : "PoseGraphEdge",
			"confidence" : 1.0,
			"information" : 
			[
				724159.78084916575,
				4479.5907009864595,
				-39142.683435692641,
				0.0,
				-409740.28212362528,
				-15046.392097661737,
				4479.5907009864595,
				754339.94715718867,
				48149.105939772759,
				409740.28212362528,
				0.0,
				-9541.8398047515657,
				-39142.683435692641,
				48149.105939772759,
				110548.08901067042,
				15046.392097661737,
				9541.8398047515657,
				0.0,
				0.0,
				409740.28212362528,
				15046.392097661737,
				258299.0,
				0.0,
				0.0,
				-409740.28212362528,
				0.0,
				9541.8398047515657,
				0.0,
				258299.0,
				0.0,
				-15046.392097661737,
				-9541.8398047515657,
				0.0,
				0.0,
				0.0,
				258299.0
			],
			"source_node_id" : 0,
			"target_node_id" : 1,
			"transformation" : 
			[
				0.99998831322926629,
				-0.0010819450128279401,
				-0.0047119847067572957,
				0.0,
				0.0010796399762616523,
				0.9999992963030423,
				-0.00049170208605095684,
				0.0,
				0.0047125133855677962,
				0.00048660909258445929,
				0.9999887776516202,
				0.0,
				-0.0093997598776112221,
				0.0074538679039127045,
				-0.020806627083924351,
				1.0
			],
			"uncertain" : false,
			"version_major" : 1,
			"version_minor" : 0
		},
		{
			"class_name" : "PoseGraphEdge",
			"confidence" : 1.0,
			"information" : 
			[
				728169.21735220938,
				4431.5576019926602,
				-38241.678307606009,
				0.0,
				-414792.65583878756,
				-14868.128649623017,
				4431.5576019926602,
				758618.75747966091,
				47811.38155877126,
				414792.65583878756,
				0.0,
				-8995.3293301521335,
				-38241.678307606009,
				47811.38155877126,
				111296.4569442447,
				14868.128649623017,
				8995.3293301521335,
				0.0,
				0.0,
				414792.65583878756,
				14868.128649623017,
				263255.0,
				0.0,
				0.0,
				-414792.65583878756,
				0.0,
				8995.3293301521335,
				0.0,
				263255.0,
				0.0,
				-14868.128649623017,
				-8995.3293301521335,
				0.0,
				0.0,
				0.0,
				263255.0
			],
			"source_node_id" : 1,
			"target_node_id" : 2,
			"transformation" : 
			[
				0.99999275527536813,
				0.00048488115080966212,
				-0.0037754850081725749,
				0.0,
				-0.00047357874015577028,
				0.99999540598217307,
				0.0029939501876808453,
				0.0,
				0.0037769193735396138,
				-0.0029921405079025294,
				0.99998839092022773,
				0.0,
				-0.0053643336329090088,
				0.0053145978177916242,
				-0.010281996066679761,
				1.0
			],
			"uncertain" : false,
			"version_major" : 1,
			"version_minor" : 0
		},
		{
			"class_name" : "PoseGraphEdge",
			"confidence" : 1.0,
			"information" : 
			[
				720811.00010037457,
				4427.7860685313335,
				-37946.727165344397,
				0.0,
				-412776.89236420393,
				-14792.056417521788,
				4427.7860685313335,
				750996.28021837433,
				47323.796512070672,
				412776.89236420393,
				0.0,
				-9049.8573951247381,
				-37946.727165344397,
				47323.796512070672,
				110311.2217640189,
				14792.056417521788,
				9049.8573951247381,
				0.0,
				0.0,
				412776.89236420393,
				14792.056417521788,
				263370.0,
				0.0,
				0.0,
				-412776.89236420393,
				0.0,
				9049.8573951247381,
				0.0,
				263370.0,
				0.0,
				-14792.056417521788,
				-9049.8573951247381,
				0.0,
				0.0,
				0.0,
				263370.0
			],
			"source_node_id" : 2,
			"target_node_id" : 3,
			"transformation" : 
			[
				0.99999513395630568,
				0.0015409720521563695,
				-0.0027124654552255064,
				0.0,
				-0.0015366762989356757,
				0.99999756307025323,
				0.0015850802839884788,
				0.0,
				0.0027149014095558073,
				-0.0015809043895418299,
				0.99999506501364632,
				0.0,
				-0.0035493964339158167,
				0.0035955483466332508,
				-0.010851450582215746,
				1.0
			],
			"uncertain" : false,
			"version_major" : 1,
			"version_minor" : 0
		},
		{
			"class_name" : "PoseGraphEdge",
			"confidence" : 1.0,
			"information" : 
			[
				709306.42414059234,
				4295.2866756390831,
				-36879.263065965744,
				0.0,
				-409177.53342139721,
				-14299.794685790315,
				4295.2866756390831,
				739397.98931610177,
				45959.191010286784,
				409177.53342139721,
				0.0,
				-8591.7077311716275,
				-36879.263065965744,
				45959.191010286784,
				108870.27581395666,
				14299.794685790315,
				8591.7077311716275,
				0.0,
				0.0,
				409177.53342139721,
				14299.794685790315,
				262993.0,
				0.0,
				0.0,
				-409177.53342139721,
				0.0,
				8591.7077311716275,
				0.0,
				262993.0,
				0.0,
				-14299.794685790315,
				-8591.7077311716275,
				0.0,
				0.0,
				0.0,
				262993.0
			],
			"source_node_id" : 3,
			"target_node_id" : 4,
			"transformation" : 
			[
				0.99997848796854627,
				0.0043369679039929367,
				-0.0049208037494736755,
				0.0,
				-0.0043160844571312655,
				0.9999816686414349,
				0.0042466217220667171,
				0.0,
				0.0049391310065647247,
				-0.0042252917640269623,
				0.99997887572408628,
				0.0,
				-0.0029871652633112001,
				0.0063804675621645362,
				-0.010255508224042363,
				1.0
			],
			"uncertain" : false,
			"version_major" : 1,
			"version_minor" : 0
		},
		{
			"class_name" : "PoseGraphEdge",
			"confidence" : 1.0,
			"information" : 
			[
				702679.52037876612,
				4388.2874020955551,
				-36744.911063433785,
				0.0,
				-406846.97248142958,
				-14040.507985609001,
				4388.2874020955551,
				732758.59838473494,
				45104.517767775935,
				406846.97248142958,
				0.0,
				-8621.3723637701478,
				-36744.911063433785,
				45104.517767775935,
				107703.58199698103,
				14040.507985609001,
				8621.3723637701478,
				0.0,
				0.0,
				406846.97248142958,
				14040.507985609001,
				262311.0,
				0.0,
				0.0,
				-406846.97248142958,
				0.0,
				8621.3723637701478,
				0.0,
				262311.0,
				0.0,
				-14040.507985609001,
				-8621.3723637701478,
				0.0,
				0.0,
				0.0,
				262311.0
			],
			"source_node_id" : 4,
			"target_node_id" : 5,
			"transformation" : 
			[
				0.9999746211474807,
				0.0058625514588066009,
				-0.0040481540662889439,
				0.0,
				-0.0058597739578217303,
				0.99998258802522066,
				0.0006976356827193337,
				0.0,
				0.004052173505021882,
				-0.00067389670975133962,
				0.9999915628409618,
				0.0,
				-0.0040389623523437975,
				0.0084630125271125504,
				-0.0090252937608735588,
				1.0
			],
			"uncertain" : false,
			"version_major" : 1,
			"version_minor" : 0
		},
		{
			"class_name" : "PoseGraphEdge",
			"confidence" : 1.0,
			"information" : 
			[
				669032.03011611546,
				4661.5663817696477,
				-34975.171106425871,
				0.0,
				-390834.47840088606,
				-11216.93180486979,
				4661.5663817696477,
				699028.54686078778,
				38896.523191971828,
				390834.47840088606,
				0.0,
				-8488.3844087180914,
				-34975.171106425871,
				38896.523191971828,
				101062.05427507299,
				11216.93180486979,
				8488.3844087180914,
				0.0,
				0.0,
				390834.47840088606,
				11216.93180486979,
				253357.0,
				0.0,
				0.0,
				-390834.47840088606,
				0.0,
				8488.3844087180914,
				0.0,
				253357.0,
				0.0,
				-11216.93180486979,
				-8488.3844087180914,
				0.0,
				0.0,
				0.0,
				253357.0
			],
			"source_node_id" : 5,
			"target_node_id" : 6,
			"transformation" : 
			[
				0.9998891956891236,
				0.0069119164918051423,
				-0.013184147851382329,
				0.0,
				-0.0070171845395802261,
				0.99994373726662544,
				-0.0079549621238188088,
				0.0,
				0.013128422041291684,
				0.0080465962781929024,
				0.99988144138344826,
				0.0,
				-0.0065021363206803325,
				0.013147423730182446,
				-0.016961712192589396,
				1.0
			],
			"uncertain" : false,
			"version_major" : 1,
			"version_minor" : 0
		},
		{
			"class_name" : "PoseGraphEdge",
			"confidence" : 1.0,
			"information" : 
			[
				683151.17075818649,
				4943.0984156186969,
				-34916.52346107093,
				0.0,
				-400276.05371415615,
				-11999.366409003153,
				4943.0984156186969,
				713384.06322398921,
				40157.236369465238,
				400276.05371415615,
				0.0,
				-8183.4386163223535,
				-34916.52346107093,
				40157.236369465238,
				103390.60074169251,
				11999.366409003153,
				8183.4386163223535,
				0.0,
				0.0,
				400276.05371415615,
				11999.366409003153,
				260177.0,
				0.0,
				0.0,
				-400276.05371415615,
				0.0,
				8183.4386163223535,
				0.0,
				260177.0,
				0.0,
				-11999.366409003153,
				-8183.4386163223535,
				0.0,
				0.0,
				0.0,
				260177.0
			],
			"source_node_id" : 6,
			"target_node_id" : 7,
			"transformation" : 
			[
				0.99995404817604883,
				0.0058015355267903067,
				-0.0076317574557989223,
				0.0,
				-0.0058315013488084069,
				0.99997535209491484,
				-0.0039100888313849565,
				0.0,
				0.0076088848296973393,
				0.0039544137595686046,
				0.99996323306582968,
				0.0,
				-0.0039235438320829145,
				0.0088985196164507018,
				-0.0085447418680028326,
				1.0
			],
			"uncertain" : false,
			"version_major" : 1,
			"version_minor" : 0
		},
		{
			"class_name" : "PoseGraphEdge",
			"confidence" : 1.0,
			"information" : 
			[
				678237.75670682476,
				5303.1800040897215,
				-35183.443097587275,
				0.0,
				-398704.24789613485,
				-11480.583430689876,
				5303.1800040897215,
				708050.21365411743,
				38894.871961451638,
				398704.24789613485,
				0.0,
				-8575.8695113389986,
				-35183.443097587275,
				38894.871961451638,
				101914.16679882311,
				11480.583430689876,
				8575.8695113389986,
				0.0,
				0.0,
				398704.24789613485,
				11480.583430689876,
				259723.0,
				0.0,
				0.0,
				-398704.24789613485,
				0.0,
				8575.8695113389986,
				0.0,
				259723.0,
				0.0,
				-11480.583430689876,
				-8575.8695113389986,
				0.0,
				0.0,
				0.0,
				259723.0
			],
			"source_node_id" : 7,
			"target_node_id" : 8,
			"transformation" : 
			[
				0.99994576893303921,
				0.0068476818299324999,
				-0.0078465563445956274,
				0.0,
				-0.0068894184224865679,
				0.99996219854030033,
				-0.0053044702138250717,
				0.0,
				0.007809936409011559,
				0.0053582407565792543,
				0.99995514606870317,
				0.0,
				-0.00040310827105850702,
				0.0060926279942410694,
				-0.005854553246554167,
				1.0
			],
			"uncertain" : false,
			"version_major" : 1,
			"version_minor" : 0
		},
		{
			"class_name" : "PoseGraphEdge",
			"confidence" : 1.0,
			"information" : 
			[
				668867.06893810851,
				5878.0078272687169,
				-35330.983141576617,
				0.0,
				-394761.32782894373,
				-11393.860771144857,
				5878.0078272687169,
				697415.70400316943,
				38363.110389149515,
				394761.32782894373,
				0.0,
				-9084.0877878821921,
				-35330.983141576617,
				38363.110389149515,
				99699.225722318486,
				11393.860771144857,
				9084.0877878821921,
				0.0,
				0.0,
				394761.32782894373,
				11393.860771144857,
				258089.0,
				0.0,
				0.0,
				-394761.32782894373,
				0.0,
				9084.0877878821921,
				0.0,
				258089.0,
				0.0,
				-11393.860771144857,
				-9084.0877878821921,
				0.0,
				0.0,
				0.0,
				258089.0
			],
			"source_node_id" : 8,
			"target_node_id" : 9,
			"transformation" : 
			[
				0.99988840918565736,
				0.0077780401117621065,
				-0.012754264706208844,
				0.0,
				-0.0078529254842668213,
				0.99995215930472769,
				-0.0058318661808503501,
				0.0,
				0.012708294044236526,
				0.0059313736884985648,
				0.99990165419837773,
				0.0,
				0.001703737134333516,
				0.00077983043398779516,
				-0.0050513695909753104,
				1.0
			],
			"uncertain" : false,
			"version_major" : 1,
			"version_minor" : 0
		},
		{
			"class_name" : "PoseGraphEdge",
			"confidence" : 1.0,
			"information" : 
			[
				596314.86516925879,
				7466.5599150047719,
				-32954.446428697855,
				0.0,
				-359374.09061950445,
				-12383.132090450963,
				7466.5599150047719,
				619308.34917023371,
				37552.685219984764,
				359374.09061950445,
				0.0,
				-9155.2532408208353,
				-32954.446428697855,
				37552.685219984764,
				86837.060321799232,
				12383.132090450963,
				9155.2532408208353,
				0.0,
				0.0,
				359374.09061950445,
				12383.132090450963,
				240001.0,
				0.0,
				0.0,
				-359374.09061950445,
				0.0,
				9155.2532408208353,
				0.0,
				240001.0,
				0.0,
				-12383.132090450963,
				-9155.2532408208353,
				0.0,
				0.0,
				0.0,
				240001.0
			],
			"source_node_id" : 9,
			"target_node_id" : 10,
			"transformation" : 
			[
				0.99859260245810855,
				0.020169637423242667,
				-0.04905099430345479,
				0.0,
				-0.019750455271279267,
				0.99976429134853584,
				0.0090156120667006321,
				0.0,
				0.049221274186268482,
				-0.0080341440474371566,
				0.99875558506418682,
				0.0,
				-0.0087419809469063588,
				0.015089425677093413,
				-0.030560504234075064,
				1.0
			],
			"uncertain" : false,
			"version_major" : 1,
			"version_minor" : 0
		},
		{
			"class_name" : "PoseGraphEdge",
			"confidence" : 1.0,
			"information" : 
			[
				621476.19499314344,
				8575.6202676630455,
				-31891.745196578013,
				0.0,
				-379417.14883875847,
				-13927.044580470887,
				8575.6202676630455,
				646797.11261270684,
				40200.38116979209,
				379417.14883875847,
				0.0,
				-7667.3835563928587,
				-31891.745196578013,
				40200.38116979209,
				91277.825579041484,
				13927.044580470887,
				7667.3835563928587,
				0.0,
				0.0,
				379417.14883875847,
				13927.044580470887,
				256555.0,
				0.0,
				0.0,
				-379417.14883875847,
				0.0,
				7667.3835563928587,
				0.0,
				256555.0,
				0.0,
				-13927.044580470887,
				-7667.3835563928587,
				0.0,
				0.0,
				0.0,
				256555.0
			],
			"source_node_id" : 10,
			"target_node_id" : 11,
			"transformation" : 
			[
				0.9997340680862371,
				0.0065828411221646368,
				-0.022101115594091416,
				0.0,
				-0.006464102229186224,
				0.99996431200024971,
				0.0054396790565085767,
				0.0,
				0.022136135392468184,
				-0.0052953686016675551,
				0.9997409417350378,
				0.0,
				0.00088773876718703363,
				0.0023722389805101219,
				-0.0067861498454803437,
				1.0
			],
			"uncertain" : false,
			"version_major" : 1,
			"version_minor" : 0
		},
		{
			"class_name" : "PoseGraphEdge",
			"confidence" : 1.0,
			"information" : 
			[
				602578.72978270077,
				8857.9927048612535,
				-30934.289392182447,
				0.0,
				-372980.91106039286,
				-13735.95573387167,
				8857.9927048612535,
				627199.42201133084,
				39043.56453975293,
				372980.91106039286,
				0.0,
				-7725.5347444324289,
				-30934.289392182447,
				39043.56453975293,
				88223.991593281011,
				13735.95573387167,
				7725.5347444324289,
				0.0,
				0.0,
				372980.91106039286,
				13735.95573387167,
				255471.0,
				0.0,
				0.0,
				-372980.91106039286,
				0.0,
				7725.5347444324289,
				0.0,
				255471.0,
				0.0,
				-13735.95573387167,
				-7725.5347444324289,
				0.0,
				0.0,
				0.0,
				255471.0
			],
			"source_node_id" : 11,
			"target_node_id" : 12,
			"transformation" : 
			[
				0.99966680541735708,
				0.0087844500029457696,
				-0.024271620975965923,
				0.0,
				-0.0085894115737277388,
				0.99993007423108482,
				0.0081282628546683576,
				0.0,
				0.024341326082864,
				-0.007917075619394795,
				0.99967235620385342,
				0.0,
				0.0018983805096160075,
				0.0035477332748368698,
				-0.0058326701766150818,
				1.0
			],
			"uncertain" : false,
			"version_major" : 1,
			"version_minor" : 0
		},
		{
			"class_name" : "PoseGraphEdge",
			"confidence" : 1.0,
			"information" : 
			[
				593847.12431640562,
				8962.5635643083151,
				-30389.190046974712,
				0.0,
				-372171.17468750477,
				-12834.02511477028,
				8962.5635643083151,
				618601.65837953903,
				37035.271123060578,
				372171.17468750477,
				0.0,
				-7637.7854665778577,
				-30389.190046974712,
				37035.271123060578,
				87641.321669729456,
				12834.02511477028,
				7637.7854665778577,
				0.0,
				0.0,
				372171.17468750477,
				12834.02511477028,
				257941.0,
				0.0,
				0.0,
				-372171.17468750477,
				0.0,
				7637.7854665778577,
				0.0,
				257941.0,
				0.0,
				-12834.02511477028,
				-7637.7854665778577,
				0.0,
				0.0,
				0.0,
				257941.0
			],
			"source_node_id" : 12,
			"target_node_id" : 13,
			"transformation" : 
			[
				0.99970191974442957,
				0.0094783029010401722,
				-0.022499631850728823,
				0.0,
				-0.0092984303739458603,
				0.99992407768715807,
				0.0080856696734186561,
				0.0,
				0.022574562052963026,
				-0.0078740482347325301,
				0.99971415340211756,
				0.0,
				0.0019030460026321582,
				0.007571263624993262,
				-0.0045974357253200752,
				1.0
			],
			"uncertain" : false,
			"version_major" : 1,
			"version_minor" : 0
		},
		{
			"class_name" : "PoseGraphEdge",
			"confidence" : 1.0,
			"information" : 
			[
				586867.14549451752,
				9025.1720623129131,
				-30769.362605096892,
				0.0,
				-371004.39259934425,
				-12399.736143737449,
				9025.1720623129131,
				612119.74332702707,
				35479.965882525146,
				371004.39259934425,
				0.0,
				-7773.7524637290044,
				-30769.362605096892,
				35479.965882525146,
				87094.186413987016,
				12399.736143737449,
				7773.7524637290044,
				0.0,
				0.0,
				371004.39259934425,
				12399.736143737449,
				259007.0,
				0.0,
				0.0,
				-371004.39259934425,
				0.0,
				7773.7524637290044,
				0.0,
				259007.0,
				0.0,
				-12399.736143737449,
				-7773.7524637290044,
				0.0,
				0.0,
				0.0,
				259007.0
			],
			"source_node_id" : 13,
			"target_node_id" : 14,
			"transformation" : 
			[
				0.9996815297649243,
				0.014350694257142969,
				-0.020758049551859874,
				0.0,
				-0.014320244519236108,
				0.99989615611876581,
				0.0016147990046659862,
				0.0,
				0.020779067442230272,
				-0.0013170243939223225,
				0.99978322440565959,
				0.0,
				0.0023683461615705741,
				0.0015079794558242013,
				-0.0041609988733198973,
				1.0
			],
			"uncertain" : false,
			"version_major" : 1,
			"version_minor" : 0
		},
		{
			"class_name" : "PoseGraphEdge",
			"confidence" : 1.0,
			"information" : 
			[
				571985.0140823382,
				8673.6496400148535,
				-30670.114678506223,
				0.0,
				-365516.32058984041,
				-12012.45967959601,
				8673.6496400148535,
				596838.39410746808,
				33491.875058674945,
				365516.32058984041,
				0.0,
				-8232.5645840062061,
				-30670.114678506223,
				33491.875058674945,
				84778.276284577922,
				12012.45967959601,
				8232.5645840062061,
				0.0,
				0.0,
				365516.32058984041,
				12012.45967959601,
				257296.0,
				0.0,
				0.0,
				-365516.32058984041,
				0.0,
				8232.5645840062061,
				0.0,
				257296.0,
				0.0,
				-12012.45967959601,
				-8232.5645840062061,
				0.0,
				0.0,
				0.0,
				257296.0
			],
			"source_node_id" : 14,
			"target_node_id" : 15,
			"transformation" : 
			[
				0.99959361772549438,
				0.012600784675438447,
				-0.025569896910620605,
				0.0,
				-0.012422751912849431,
				0.99989755955924553,
				0.0071095444563743825,
				0.0,
				0.025656863357946258,
				-0.0067890067777697334,
				0.99964775533664973,
				0.0,
				0.0020904191649965534,
				0.0042409476610145939,
				-0.0030157223333039294,
				1.0
			],
			"uncertain" : false,
			"version_major" : 1,
			"version_minor" : 0
		},
		{
			"class_name" : "PoseGraphEdge",
			"confidence" : 1.0,
			"information" : 
			[
				565837.64078988507,
				8524.0549760005597,
				-29625.751739376054,
				0.0,
				-365444.06350433826,
				-10932.182191631291,
				8524.0549760005597,
				591332.21936203621,
				31018.075145468931,
				365444.06350433826,
				0.0,
				-7628.6821066251723,
				-29625.751739376054,
				31018.075145468931,
				84929.813350501398,
				10932.182191631291,
				7628.6821066251723,
				0.0,
				0.0,
				365444.06350433826,
				10932.182191631291,
				259596.0,
				0.0,
				0.0,
				-365444.06350433826,
				0.0,
				7628.6821066251723,
				0.0,
				259596.0,
				0.0,
				-10932.182191631291,
				-7628.6821066251723,
				0.0,
				0.0,
				0.0,
				259596.0
			],
			"source_node_id" : 15,
			"target_node_id" : 16,
			"transformation" : 
			[
				0.99975580866170111,
				0.0050480023853688378,
				-0.021513733267492705,
				0.0,
				-0.0049196263749724956,
				0.99996980253398138,
				0.0060159202521977021,
				0.0,
				0.021543451987046731,
				-0.0059086116869733361,
				0.99975045285531849,
				0.0,
				0.0020062501869918654,
				0.0061385483947419264,
				-0.0030752169458870653,
				1.0
			],
			"uncertain" : false,
			"version_major" : 1,
			"version_minor" : 0
		},
		{
			"class_name" : "PoseGraphEdge",
			"confidence" : 1.0,
			"information" : 
			[
				563149.65648424346,
				8228.5363553851894,
				-28984.486185682861,
				0.0,
				-366228.57498294115,
				-9881.6134434647392,
				8228.5363553851894,
				589605.29311875941,
				28455.730442489734,
				366228.57498294115,
				0.0,
				-7053.2796154064126,
				-28984.486185682861,
				28455.730442489734,
				85176.360175875525,
				9881.6134434647392,
				7053.2796154064126,
				0.0,
				0.0,
				366228.57498294115,
				9881.6134434647392,
				261332.0,
				0.0,
				0.0,
				-366228.57498294115,
				0.0,
				7053.2796154064126,
				0.0,
				261332.0,
				0.0,
				-9881.6134434647392,
				-7053.2796154064126,
				0.0,
				0.0,
				0.0,
				261332.0
			],
			"source_node_id" : 16,
			"target_node_id" : 17,
			"transformation" : 
			[
				0.99978513939150937,
				0.013171704202133063,
				-0.016005663382467859,
				0.0,
				-0.013166334933220244,
				0.99991322289759943,
				0.00044079355883290604,
				0.0,
				0.016010080459748673,
				-0.00022996292473868662,
				0.99987180400325604,
				0.0,
				0.0026277408584723253,
				0.0044040460831692024,
				-0.0024913936858366316,
				1.0
			],
			"uncertain" : false,
			"version_major" : 1,
			"version_minor" : 0
		},
		{
			"class_name" : "PoseGraphEdge",
			"confidence" : 1.0,
			"information" : 
			[
				523538.92177087034,
				6733.4588186741221,
				-31585.63678940255,
				0.0,
				-346150.1085845232,
				-7874.5506429835223,
				6733.4588186741221,
				545994.85058263596,
				22150.466137376588,
				346150.1085845232,
				0.0,
				-11345.717382480332,
				-31585.63678940255,
				22150.466137376588,
				76255.739223556026,
				7874.5506429835223,
				11345.717382480332,
				0.0,
				0.0,
				346150.1085845232,
				7874.5506429835223,
				249097.0,
				0.0,
				0.0,
				-346150.1085845232,
				0.0,
				11345.717382480332,
				0.0,
				249097.0,
				0.0,
				-7874.5506429835223,
				-11345.717382480332,
				0.0,
				0.0,
				0.0,
				249097.0
			],
			"source_node_id" : 17,
			"target_node_id" : 18,
			"transformation" : 
			[
				0.99848813054370655,
				0.025045804024889314,
				-0.04893016313157364,
				0.0,
				-0.025129571019593788,
				0.99968360006744927,
				-0.0010974591355834126,
				0.0,
				0.048887194884823966,
				0.0023253939300519819,
				0.99880159927753587,
				0.0,
				0.010322537729225676,
				0.0038752431015950965,
				-0.0050435068157019675,
				1.0
			],
			"uncertain" : false,
			"version_major" : 1,
			"version_minor" : 0
		},
		{
			"class_name" : "PoseGraphEdge",
			"confidence" : 1.0,
			"information" : 
			[
				523952.2360820896,
				5894.4549832202738,
				-27117.376352586405,
				0.0,
				-352132.80839413404,
				-6147.0018947215285,
				5894.4549832202738,
				548286.43753627769,
				17979.242660386226,
				352132.80839413404,
				0.0,
				-8524.4798718757229,
				-27117.376352586405,
				17979.242660386226,
				78029.529806987426,
				6147.0018947215285,
				8524.4798718757229,
				0.0,
				0.0,
				352132.80839413404,
				6147.0018947215285,
				256530.0,
				0.0,
				0.0,
				-352132.80839413404,
				0.0,
				8524.4798718757229,
				0.0,
				256530.0,
				0.0,
				-6147.0018947215285,
				-8524.4798718757229,
				0.0,
				0.0,
				0.0,
				256530.0
			],
			"source_node_id" : 18,
			"target_node_id" : 19,
			"transformation" : 
			[
				0.99950634291045237,
				0.015479201858244611,
				-0.02733980233295857,
				0.0,
				-0.015607588853643325,
				0.99986811810769949,
				-0.0044888263436634194,
				0.0,
				0.027266713259011605,
				0.004913318796867812,
				0.99961611914096848,
				0.0,
				0.0093278223849307951,
				0.00031781630645247777,
				-0.0017413300072337365,
				1.0
			],
			"uncertain" : false,
			"version_major" : 1,
			"version_minor" : 0
		},
		{
			"class_name" : "PoseGraphEdge",
			"confidence" : 1.0,
			"information" : 
			[
				532754.24666037911,
				5806.6990017343633,
				-24800.838142166249,
				0.0,
				-360541.67657834291,
				-6628.3207861096598,
				5806.6990017343633,
				559228.74790528882,
				18102.572116297513,
				360541.67657834291,
				0.0,
				-6519.3229084208724,
				-24800.838142166249,
				18102.572116297513,
				81694.743043035429,
				6628.3207861096598,
				6519.3229084208724,
				0.0,
				0.0,
				360541.67657834291,
				6628.3207861096598,
				264375.0,
				0.0,
				0.0,
				-360541.67657834291,
				0.0,
				6519.3229084208724,
				0.0,
				264375.0,
				0.0,
				-6628.3207861096598,
				-6519.3229084208724,
				0.0,
				0.0,
				0.0,
				264375.0
			],
			"source_node_id" : 19,
			"target_node_id" : 20,
			"transformation" : 
			[
				0.99993898332411679,
				0.0039289177222231369,
				-0.010324399946940772,
				0.0,
				-0.0039199172103587645,
				0.99999191938261522,
				0.00089186239866285695,
				0.0,
				0.010327820573398972,
				-0.00085133718714530617,
				0.99994630423198083,
				0.0,
				0.0044410954697548756,
				0.00037855770822366723,
				-0.00045645887747642076,
				1.0
			],
			"uncertain" : false,
			"version_major" : 1,
			"version_minor" : 0
		},
		{
			"class_name" : "PoseGraphEdge",
			"confidence" : 1.0,
			"information" : 
			[
				520056.99090895231,
				5210.2092215438488,
				-24361.66724220831,
				0.0,
				-354708.0566996336,
				-6109.1171991324518,
				5210.2092215438488,
				545142.85903427016,
				16372.544970709963,
				354708.0566996336,
				0.0,
				-7355.650435419986,
				-24361.66724220831,
				16372.544970709963,
				78684.815096479389,
				6109.1171991324518,
				7355.650435419986,
				0.0,
				0.0,
				354708.0566996336,
				6109.1171991324518,
				261450.0,
				0.0,
				0.0,
				-354708.0566996336,
				0.0,
				7355.650435419986,
				0.0,
				261450.0,
				0.0,
				-6109.1171991324518,
				-7355.650435419986,
				0.0,
				0.0,
				0.0,
				261450.0
			],
			"source_node_id" : 20,
			"target_node_id" : 21,
			"transformation" : 
			[
				0.99983187784055583,
				0.0066695144175510793,
				-0.017080211686714437,
				0.0,
				-0.00667826526766726,
				0.99997759646288165,
				-0.00045535187704331525,
				0.0,
				0.017076792053648936,
				0.00056934150677422893,
				0.99985401885645631,
				0.0,
				0.0073832692870987628,
				-0.0023725153650777223,
				-9.6848239333137325e-05,
				1.0
			],
			"uncertain" : false,
			"version_major" : 1,
			"version_minor" : 0
		},
		{
			"class_name" : "PoseGraphEdge",
			"confidence" : 1.0,
			"information" : 
			[
				520641.83215048333,
				5027.374256123182,
				-21753.022136541658,
				0.0,
				-357194.49758833647,
				-5698.0551972680259,
				5027.374256123182,
				546489.64577130589,
				15339.331645004548,
				357194.49758833647,
				0.0,
				-5651.584526755556,
				-21753.022136541658,
				15339.331645004548,
				79687.898063295404,
				5698.0551972680259,
				5651.584526755556,
				0.0,
				0.0,
				357194.49758833647,
				5698.0551972680259,
				264592.0,
				0.0,
				0.0,
				-357194.49758833647,
				0.0,
				5651.584526755556,
				0.0,
				264592.0,
				0.0,
				-5698.0551972680259,
				-5651.584526755556,
				0.0,
				0.0,
				0.0,
				264592.0
			],
			"source_node_id" : 21,
			"target_node_id" : 22,
			"transformation" : 
			[
				0.99995842106575006,
				0.0009498560294111479,
				-0.009069394313550562,
				0.0,
				-0.00092633953757116909,
				0.99999619925669381,
				0.0025967994198435435,
				0.0,
				0.0090718264286969354,
				-0.0025882901091567353,
				0.99995550036967085,
				0.0,
				0.0041159711479553576,
				0.0027928143153133477,
				0.00014658433705903165,
				1.0
			],
			"uncertain" : false,
			"version_major" : 1,
			"version_minor" : 0
		},
		{
			"class_name" : "PoseGraphEdge",
			"confidence" : 1.0,
			"information" : 
			[
				522845.2002358149,
				5018.8585209220555,
				-20376.196912287785,
				0.0,
				-359525.66365361214,
				-5290.735160223674,
				5018.8585209220555,
				549588.35406730429,
				14532.882197506917,
				359525.66365361214,
				0.0,
				-4570.3230507525732,
				-20376.196912287785,
				14532.882197506917,
				80834.86720339625,
				5290.735160223674,
				4570.3230507525732,
				0.0,
				0.0,
				359525.66365361214,
				5290.735160223674,
				266836.0,
				0.0,
				0.0,
				-359525.66365361214,
				0.0,
				4570.3230507525732,
				0.0,
				266836.0,
				0.0,
				-5290.735160223674,
				-4570.3230507525732,
				0.0,
				0.0,
				0.0,
				266836.0
			],
			"source_node_id" : 22,
			"target_node_id" : 23,
			"transformation" : 
			[
				0.99999284287710954,
				0.003222202414877977,
				-0.0019828278175338578,
				0.0,
				-0.0032221784671443354,
				0.99999480865287182,
				1.5271971363942152e-05,
				0.0,
				0.0019828667333693711,
				-8.8828369628514629e-06,
				0.9999980340783734,
				0.0,
				0.0041081298732090696,
				0.00068689932195670916,
				0.00023207084672620512,
				1.0
			],
			"uncertain" : false,
			"version_major" : 1,
			"version_minor" : 0
		},
		{
			"class_name" : "PoseGraphEdge",
			"confidence" : 1.0,
			"information" : 
			[
				525521.47864690144,
				5219.9001518897512,
				-20835.13576705422,
				0.0,
				-361074.57366061211,
				-5353.8544483412988,
				5219.9001518897512,
				552772.18041372776,
				14582.855338536814,
				361074.57366061211,
				0.0,
				-4763.7908377277781,
				-20835.13576705422,
				14582.855338536814,
				81745.634008190551,
				5353.8544483412988,
				4763.7908377277781,
				0.0,
				0.0,
				361074.57366061211,
				5353.8544483412988,
				267771.0,
				0.0,
				0.0,
				-361074.57366061211,
				0.0,
				4763.7908377277781,
				0.0,
				267771.0,
				0.0,
				-5353.8544483412988,
				-4763.7908377277781,
				0.0,
				0.0,
				0.0,
				267771.0
			],
			"source_node_id" : 23,
			"target_node_id" : 24,
			"transformation" : 
			[
				0.99999751276914095,
				-0.001915395951490905,
				0.0011426783799245951,
				0.0,
				0.0019147884813540056,
				0.99999802502478108,
				0.00053247686229963799,
				0.0,
				-0.0011436960271894272,
				-0.00053028755050698803,
				0.99999920537693998,
				0.0,
				0.0053054182463396528,
				0.0022511866636829815,
				0.00014779717411261459,
				1.0
			],
			"uncertain" : false,
			"version_major" : 1,
			"version_minor" : 0
		},
		{
			"class_name" : "PoseGraphEdge",
			"confidence" : 1.0,
			"information" : 
			[
				523416.03735969792,
				4735.0063026022117,
				-20907.215722335954,
				0.0,
				-358832.17237007618,
				-3093.2902697433019,
				4735.0063026022117,
				550799.60166567157,
				10951.61846933893,
				358832.17237007618,
				0.0,
				-4934.5952963113668,
				-20907.215722335954,
				10951.61846933893,
				80285.115407300342,
				3093.2902697433019,
				4934.5952963113668,
				0.0,
				0.0,
				358832.17237007618,
				3093.2902697433019,
				264876.0,
				0.0,
				0.0,
				-358832.17237007618,
				0.0,
				4934.5952963113668,
				0.0,
				264876.0,
				0.0,
				-3093.2902697433019,
				-4934.5952963113668,
				0.0,
				0.0,
				0.0,
				264876.0
			],
			"source_node_id" : 24,
			"target_node_id" : 25,
			"transformation" : 
			[
				0.99997332349056212,
				0.0067598136366641319,
				-0.002767169463122963,
				0.0,
				-0.0067775159415401683,
				0.99995630346276454,
				-0.0064386677772270678,
				0.0,
				0.0027235243531570268,
				0.0064572505511946016,
				0.99997544286368167,
				0.0,
				0.0037023394794637276,
				0.0030020113089254388,
				0.0044480838650460186,
				1.0
			],
			"uncertain" : false,
			"version_major" : 1,
			"version_minor" : 0
		},
		{
			"class_name" : "PoseGraphEdge",
			"confidence" : 1.0,
			"information" : 
			[
				529523.85247330298,
				4767.5417164023447,
				-21309.482696012059,
				0.0,
				-362242.96396493912,
				-3699.3725884940941,
				4767.5417164023447,
				556775.24994544301,
				11560.030654172288,
				362242.96396493912,
				0.0,
				-5101.5698722613743,
				-21309.482696012059,
				11560.030654172288,
				81538.755544211483,
				3699.3725884940941,
				5101.5698722613743,
				0.0,
				0.0,
				362242.96396493912,
				3699.3725884940941,
				266913.0,
				0.0,
				0.0,
				-362242.96396493912,
				0.0,
				5101.5698722613743,
				0.0,
				266913.0,
				0.0,
				-3699.3725884940941,
				-5101.5698722613743,
				0.0,
				0.0,
				0.0,
				266913.0
			],
			"source_node_id" : 25,
			"target_node_id" : 26,
			"transformation" : 
			[
				0.99999392673947018,
				0.0020676443063808547,
				-0.0028055892780888096,
				0.0,
				-0.0020811184753585128,
				0.99998627485806191,
				-0.0048082264285442137,
				0.0,
				0.0027956090689789806,
				0.004814035990613327,
				0.9999845046936543,
				0.0,
				0.0025351356410568708,
				-0.00097957014889446569,
				0.0036426312314347593,
				1.0
			],
			"uncertain" : false,
			"version_major" : 1,
			"version_minor" : 0
		},
		{
			"class_name" : "PoseGraphEdge",
			"confidence" : 1.0,
			"information" : 
			[
				532654.27850746142,
				4799.71329119863,
				-21762.619622528713,
				0.0,
				-363843.89606183767,
				-4173.8816285814391,
				4799.71329119863,
				559765.71263096773,
				12080.326594500319,
				363843.89606183767,
				0.0,
				-5459.9871552525437,
				-21762.619622528713,
				12080.326594500319,
				82120.14683712933,
				4173.8816285814391,
				5459.9871552525437,
				0.0,
				0.0,
				363843.89606183767,
				4173.8816285814391,
				267718.0,
				0.0,
				0.0,
				-363843.89606183767,
				0.0,
				5459.9871552525437,
				0.0,
				267718.0,
				0.0,
				-4173.8816285814391,
				-5459.9871552525437,
				0.0,
				0.0,
				0.0,
				267718.0
			],
			"source_node_id" : 26,
			"target_node_id" : 27,
			"transformation" : 
			[
				0.99999310970963484,
				0.00072369813709528353,
				-0.0036409880886654937,
				0.0,
				-0.00073235961342118204,
				0.99999690411602049,
				-0.0023781101256366609,
				0.0,
				0.0036392557827210695,
				0.0023807602523964518,
				0.99999054385427488,
				0.0,
				0.0024945465920979638,
				-0.001615222694787242,
				0.0047079693015904603,
				1.0
			],
			"uncertain" : false,
			"version_major" : 1,
			"version_minor" : 0
		},
		{
			"class_name" : "PoseGraphEdge",
			"confidence" : 1.0,
			"information" : 
			[
				534221.38626028888,
				4807.736403124044,
				-21681.760893301493,
				0.0,
				-364452.18391650915,
				-4987.2502302920911,
				4807.736403124044,
				561427.85465579282,
				13024.951189565478,
				364452.18391650915,
				0.0,
				-5428.2343660351471,
				-21681.760893301493,
				13024.951189565478,
				82449.392582358443,
				4987.2502302920911,
				5428.2343660351471,
				0.0,
				0.0,
				364452.18391650915,
				4987.2502302920911,
				267767.0,
				0.0,
				0.0,
				-364452.18391650915,
				0.0,
				5428.2343660351471,
				0.0,
				267767.0,
				0.0,
				-4987.2502302920911,
				-5428.2343660351471,
				0.0,
				0.0,
				0.0,
				267767.0
			],
			"source_node_id" : 27,
			"target_node_id" : 28,
			"transformation" : 
			[
				0.99999472754867025,
				0.0027432038682342302,
				-0.0017377305308543299,
				0.0,
				-0.0027436047803973502,
				0.99999621023315977,
				-0.00022836840146242679,
				0.0,
				0.0017370974841785147,
				0.00023313484319263872,
				0.99999846406905779,
				0.0,
				0.0047224504791796764,
				-0.0024871372582212698,
				0.0042086832913082808,
				1.0
			],
			"uncertain" : false,
			"version_major" : 1,
			"version_minor" : 0
		},
		{
			"class_name" : "PoseGraphEdge",
			"confidence" : 1.0,
			"information" : 
			[
				537724.61331756122,
				4747.0511758930979,
				-21374.580913771759,
				0.0,
				-366361.74111843109,
				-4764.4188719261438,
				4747.0511758930979,
				565455.83283229906,
				12787.081754890263,
				366361.74111843109,
				0.0,
				-5075.6345864271279,
				-21374.580913771759,
				12787.081754890263,
				83120.994317439341,
				4764.4188719261438,
				5075.6345864271279,
				0.0,
				0.0,
				366361.74111843109,
				4764.4188719261438,
				268810.0,
				0.0,
				0.0,
				-366361.74111843109,
				0.0,
				5075.6345864271279,
				0.0,
				268810.0,
				0.0,
				-4764.4188719261438,
				-5075.6345864271279,
				0.0,
				0.0,
				0.0,
				268810.0
			],
			"source_node_id" : 28,
			"target_node_id" : 29,
			"transformation" : 
			[
				0.99999133510684823,
				0.0041362400970270559,
				0.00047034995692779135,
				0.0,
				-0.0041358034131743935,
				0.99999101912327637,
				-0.00092563649366507374,
				0.0,
				-0.00047417438755318215,
				0.00092368319816651067,
				0.99999946098385406,
				0.0,
				0.0042216736228608718,
				-0.0026674793289422358,
				0.0042674283603482141,
				1.0
			],
			"uncertain" : false,
			"version_major" : 1,
			"version_minor" : 0
		},
		{
			"class_name" : "PoseGraphEdge",
			"confidence" : 1.0,
			"information" : 
			[
				538576.20675240795,
				4815.2746091544286,
				-21403.732532408208,
				0.0,
				-366347.27639323473,
				-5183.9908389659831,
				4815.2746091544286,
				566284.74957961997,
				13426.862795078443,
				366347.27639323473,
				0.0,
				-5114.4538996104384,
				-21403.732532408208,
				13426.862795078443,
				83074.135741719234,
				5183.9908389659831,
				5114.4538996104384,
				0.0,
				0.0,
				366347.27639323473,
				5183.9908389659831,
				268352.0,
				0.0,
				0.0,
				-366347.27639323473,
				0.0,
				5114.4538996104384,
				0.0,
				268352.0,
				0.0,
				-5183.9908389659831,
				-5114.4538996104384,
				0.0,
				0.0,
				0.0,
				268352.0
			],
			"source_node_id" : 29,
			"target_node_id" : 30,
			"transformation" : 
			[
				0.99999587202522888,
				0.0025661717121291693,
				-0.0012925537691244585,
				0.0,
				-0.0025689224703608639,
				0.99999442969618058,
				-0.0021310124239591406,
				0.0,
				0.0012870780254067053,
				0.0021343240976152708,
				0.99999689404057779,
				0.0,
				0.0029694981298646079,
				-0.0053335198110923002,
				0.0050344189055816059,
				1.0
			],
			"uncertain" : false,
			"version_major" : 1,
			"version_minor" : 0
		},
		{
			"class_name" : "PoseGraphEdge",
			"confidence" : 1.0,
			"information" : 
			[
				534969.8993898523,
				4830.9707336867141,
				-21016.788246258118,
				0.0,
				-363650.29803955555,
				-6000.5110973997507,
				4830.9707336867141,
				562648.34812269511,
				14618.298346511529,
				363650.29803955555,
				0.0,
				-5067.8042857472319,
				-21016.788246258118,
				14618.298346511529,
				82312.664510812247,
				6000.5110973997507,
				5067.8042857472319,
				0.0,
				0.0,
				363650.29803955555,
				6000.5110973997507,
				266129.0,
				0.0,
				0.0,
				-363650.29803955555,
				0.0,
				5067.8042857472319,
				0.0,
				266129.0,
				0.0,
				-6000.5110973997507,
				-5067.8042857472319,
				0.0,
				0.0,
				0.0,
				266129.0
			],
			"source_node_id" : 30,
			"target_node_id" : 31,
			"transformation" : 
			[
				0.99999779029235636,
				0.00073523507649699666,
				-0.0019694770340244034,
				0.0,
				-0.00073055114624588342,
				0.99999690587789791,
				0.0023779254937002343,
				0.0,
				0.0019712192744542499,
				-0.0023764814354753799,
				0.99999523330391915,
				0.0,
				0.0034242444273567011,
				-0.0047923352030855805,
				0.004917907959845225,
				1.0
			],
			"uncertain" : false,
			"version_major" : 1,
			"version_minor" : 0
		},
		{
			"class_name" : "PoseGraphEdge",
			"confidence" : 1.0,
			"information" : 
			[
				532914.31099456071,
				4945.6420857550502,
				-20152.491721492457,
				0.0,
				-362420.10367274284,
				-6616.4367467327975,
				4945.6420857550502,
				560602.67366185982,
				15669.46414540669,
				362420.10367274284,
				0.0,
				-4715.2967081739916,
				-20152.491721492457,
				15669.46414540669,
				81731.00821114688,
				6616.4367467327975,
				4715.2967081739916,
				0.0,
				0.0,
				362420.10367274284,
				6616.4367467327975,
				265319.0,
				0.0,
				0.0,
				-362420.10367274284,
				0.0,
