{
	"class_name" : "PoseGraph",
	"edges" : 
	[
		{
			"class_name" : "PoseGraphEdge",
			"confidence" : 1.0,
			"information" : 
			[
				475175.27323259634,
				-1719.8245889365126,
				60883.755837941048,
				0.0,
				-315230.61707884073,
				-17233.027942615736,
				-1719.8245889365126,
				499670.45771987707,
				50801.985834755782,
				315230.61707884073,
				0.0,
				26687.765688822197,
				60883.755837941048,
				50801.985834755782,
				88715.997354069157,
				17233.027942615736,
				-26687.765688822197,
				0.0,
				0.0,
				315230.61707884073,
				17233.027942615736,
				257543.0,
				0.0,
				0.0,
				-315230.61707884073,
				0.0,
				-26687.765688822197,
				0.0,
				257543.0,
				0.0,
				-17233.027942615736,
				26687.765688822197,
				0.0,
				0.0,
				0.0,
				257543.0
			],
			"source_node_id" : 0,
			"target_node_id" : 1,
			"transformation" : 
			[
				0.9999288573905365,
				7.3860248256908357e-06,
				0.011928122362869378,
				0.0,
				4.2598869819964876e-05,
				0.99999121996204809,
				-0.004190248698060282,
				0.0,
				-0.011928048582783247,
				0.0041904587173653383,
				0.9999200776625824,
				0.0,
				-0.0075509390276536428,
				-0.0053661347308050335,
				0.0016241809627828129,
				1.0
			],
			"uncertain" : false,
			"version_major" : 1,
			"version_minor" : 0
		},
		{
			"class_name" : "PoseGraphEdge",
			"confidence" : 1.0,
			"information" : 
			[
				469328.39093018923,
				-814.70435539813707,
				58294.220153163893,
				0.0,
				-314006.55244863033,
				-17347.361572217371,
				-814.70435539813707,
				493766.85126987577,
				50196.10681080808,
				314006.55244863033,
				0.0,
				25613.619526698662,
				58294.220153163893,
				50196.10681080808,
				88306.084927334523,
				17347.361572217371,
				-25613.619526698662,
				0.0,
				0.0,
				314006.55244863033,
				17347.361572217371,
				258803.0,
				0.0,
				0.0,
				-314006.55244863033,
				0.0,
				-25613.619526698662,
				0.0,
				258803.0,
				0.0,
				-17347.361572217371,
				25613.619526698662,
				0.0,
				0.0,
				0.0,
				258803.0
			],
			"source_node_id" : 1,
			"target_node_id" : 2,
			"transformation" : 
			[
				0.9999539441394788,
				-0.0080552653208411269,
				0.005217499450053154,
				0.0,
				0.0080422044018315375,
				0.99996448702258067,
				0.0025194527233204579,
				0.0,
				-0.0052376090212626599,
				-0.0024773764907134702,
				0.9999832148878619,
				0.0,
				-0.0065824341737090782,
				-0.0011155358261038331,
				0.0015107199503851798,
				1.0
			],
			"uncertain" : false,
			"version_major" : 1,
			"version_minor" : 0
		},
		{
			"class_name" : "PoseGraphEdge",
			"confidence" : 1.0,
			"information" : 
			[
				477539.39217833313,
				-767.57465165280962,
				57692.78294478036,
				0.0,
				-318617.88270223141,
				-17279.377469324099,
				-767.57465165280962,
				503218.23779522901,
				51065.286594329962,
				318617.88270223141,
				0.0,
				24587.304861054407,
				57692.78294478036,
				51065.286594329962,
				90305.396650566079,
				17279.377469324099,
				-24587.304861054407,
				0.0,
				0.0,
				318617.88270223141,
				17279.377469324099,
				262472.0,
				0.0,
				0.0,
				-318617.88270223141,
				0.0,
				-24587.304861054407,
				0.0,
				262472.0,
				0.0,
				-17279.377469324099,
				24587.304861054407,
				0.0,
				0.0,
				0.0,
				262472.0
			],
			"source_node_id" : 2,
			"target_node_id" : 3,
			"transformation" : 
			[
				0.99999113043156374,
				0.0041759138146240356,
				-0.0005484542055943409,
				0.0,
				-0.0041777864952814532,
				0.99998529094087452,
				-0.0034589018336181961,
				0.0,
				0.00053400206239857188,
				0.0034611624792250783,
				0.99999386757924169,
				0.0,
				-0.0017575004393509709,
				-0.0020001070165775233,
				0.0021229932550739486,
				1.0
			],
			"uncertain" : false,
			"version_major" : 1,
			"version_minor" : 0
		},
		{
			"class_name" : "PoseGraphEdge",
			"confidence" : 1.0,
			"information" : 
			[
				478370.00945991313,
				-95.278386021343977,
				55358.347930922399,
				0.0,
				-318415.19573295116,
				-17849.568932247872,
				-95.278386021343977,
				503530.17384886887,
				51957.720863157199,
				318415.19573295116,
				0.0,
				23421.085749877035,
				55358.347930922399,
				51957.720863157199,
				89863.00714620878,
				17849.568932247872,
				-23421.085749877035,
				0.0,
				0.0,
				318415.19573295116,
				17849.568932247872,
				261881.0,
				0.0,
				0.0,
				-318415.19573295116,
				0.0,
				-23421.085749877035,
				0.0,
				261881.0,
				0.0,
				-17849.568932247872,
				23421.085749877035,
				0.0,
				0.0,
				0.0,
				261881.0
			],
			"source_node_id" : 3,
			"target_node_id" : 4,
			"transformation" : 
			[
				0.99999002224660394,
				0.0029758256600129229,
				-0.0033316465715879347,
				0.0,
				-0.0029891244834377474,
				0.99998755715529508,
				-0.0039938289156741793,
				0.0,
				0.003319720177858065,
				0.0040037477725714515,
				0.99998647463938939,
				0.0,
				-0.0025781489131638225,
				-0.0060057127303678277,
				0.0017031768879102662,
				1.0
			],
			"uncertain" : false,
			"version_major" : 1,
			"version_minor" : 0
		},
		{
			"class_name" : "PoseGraphEdge",
			"confidence" : 1.0,
			"information" : 
			[
				471624.9051883099,
				-168.62764872985801,
				55074.027840146708,
				0.0,
				-315180.65038257837,
				-18030.370459949598,
				-168.62764872985801,
				495910.98353143421,
				51288.877383122046,
				315180.65038257837,
				0.0,
				23242.095030616678,
				55074.027840146708,
				51288.877383122046,
				87814.641895518158,
				18030.370459949598,
				-23242.095030616678,
				0.0,
				0.0,
				315180.65038257837,
				18030.370459949598,
				260045.0,
				0.0,
				0.0,
				-315180.65038257837,
				0.0,
				-23242.095030616678,
				0.0,
				260045.0,
				0.0,
				-18030.370459949598,
				23242.095030616678,
				0.0,
				0.0,
				0.0,
				260045.0
			],
			"source_node_id" : 4,
			"target_node_id" : 5,
			"transformation" : 
			[
				0.99997341005425677,
				0.0022853180498831967,
				-0.0069250636006179117,
				0.0,
				-0.0022705707693573625,
				0.99999513957179353,
				0.0021366659006232633,
				0.0,
				0.0069299129029927221,
				-0.002120885239805392,
				0.99997373873165096,
				0.0,
				-0.0051445781971979935,
				-0.0042500261505798347,
				0.00090002427956628465,
				1.0
			],
			"uncertain" : false,
			"version_major" : 1,
			"version_minor" : 0
		},
		{
			"class_name" : "PoseGraphEdge",
			"confidence" : 1.0,
			"information" : 
			[
				466072.18184930249,
				-1.4836688913610558,
				55934.496309057577,
				0.0,
				-313464.81427311897,
				-16518.379898708605,
				-1.4836688913610558,
				490276.23766691051,
				48547.646231627899,
				313464.81427311897,
				0.0,
				23930.994393306843,
				55934.496309057577,
				48547.646231627899,
				86513.697901659907,
				16518.379898708605,
				-23930.994393306843,
				0.0,
				0.0,
				313464.81427311897,
				16518.379898708605,
				259937.0,
				0.0,
				0.0,
				-313464.81427311897,
				0.0,
				-23930.994393306843,
				0.0,
				259937.0,
				0.0,
				-16518.379898708605,
				23930.994393306843,
				0.0,
				0.0,
				0.0,
				259937.0
			],
			"source_node_id" : 5,
			"target_node_id" : 6,
			"transformation" : 
			[
				0.99997118509971517,
				0.0025674219148975998,
				-0.0071440405222544618,
				0.0,
				-0.0025460786597526269,
				0.9999922735393586,
				0.0029950534290287536,
				0.0,
				0.0071516748899165287,
				-0.0029767778377447298,
				0.99996999571985856,
				0.0,
				-0.0089759957219259327,
				0.0016266818028440298,
				4.8018070111857645e-05,
				1.0
			],
			"uncertain" : false,
			"version_major" : 1,
			"version_minor" : 0
		},
		{
			"class_name" : "PoseGraphEdge",
			"confidence" : 1.0,
			"information" : 
			[
				468358.35103861702,
				519.70798334251833,
				55769.021809175014,
				0.0,
				-314567.65623790026,
				-16086.16190525092,
				519.70798334251833,
				493153.75275652227,
				48055.429888592676,
				314567.65623790026,
				0.0,
				23997.495853407425,
				55769.021809175014,
				48055.429888592676,
				86581.175127797731,
				16086.16190525092,
				-23997.495853407425,
				0.0,
				0.0,
				314567.65623790026,
				16086.16190525092,
				260357.0,
				0.0,
				0.0,
				-314567.65623790026,
				0.0,
				-23997.495853407425,
				0.0,
				260357.0,
				0.0,
				-16086.16190525092,
				23997.495853407425,
				0.0,
				0.0,
				0.0,
				260357.0
			],
			"source_node_id" : 6,
			"target_node_id" : 7,
			"transformation" : 
			[
				0.9999781929122592,
				0.0047145851140092902,
				-0.004624541829698149,
				0.0,
				-0.0047284852931906013,
				0.99998432230749035,
				-0.0029994276220601987,
				0.0,
				0.0046103282707358282,
				0.0030212292913083475,
				0.99998480840801007,
				0.0,
				-0.0079321911938083078,
				-0.00094693200676585637,
				0.0022668282319624786,
				1.0
			],
			"uncertain" : false,
			"version_major" : 1,
			"version_minor" : 0
		},
		{
			"class_name" : "PoseGraphEdge",
			"confidence" : 1.0,
			"information" : 
			[
				471454.93381711649,
				945.35579161635837,
				54555.345089408445,
				0.0,
				-315390.21720266342,
				-16204.625098678225,
				945.35579161635837,
				496643.14037456369,
				48660.47521107275,
				315390.21720266342,
				0.0,
				23357.813422703359,
				54555.345089408445,
				48660.47521107275,
				86868.042644582791,
				16204.625098678225,
				-23357.813422703359,
				0.0,
				0.0,
				315390.21720266342,
				16204.625098678225,
				260224.0,
				0.0,
				0.0,
				-315390.21720266342,
				0.0,
				-23357.813422703359,
				0.0,
				260224.0,
				0.0,
				-16204.625098678225,
				23357.813422703359,
				0.0,
				0.0,
				0.0,
				260224.0
			],
			"source_node_id" : 7,
			"target_node_id" : 8,
			"transformation" : 
			[
				0.9999773451281283,
				0.0064275043261669013,
				-0.0019991044585708382,
				0.0,
				-0.0064364307477700767,
				0.99996919982760857,
				-0.0044912977368794776,
				0.0,
				0.001970175050174989,
				0.0045040630845098652,
				0.99998791583998803,
				0.0,
				-0.0044429753719289165,
				-0.0033165436319770626,
				0.0035462420650173593,
				1.0
			],
			"uncertain" : false,
			"version_major" : 1,
			"version_minor" : 0
		},
		{
			"class_name" : "PoseGraphEdge",
			"confidence" : 1.0,
			"information" : 
			[
				472137.88928024902,
				1513.6061572826036,
				52589.461326814228,
				0.0,
				-314883.93445974588,
				-16450.237463472644,
				1513.6061572826036,
				496842.16055599193,
				49166.558246475804,
				314883.93445974588,
				0.0,
				22327.539206568443,
				52589.461326814228,
				49166.558246475804,
				86384.619394274734,
				16450.237463472644,
				-22327.539206568443,
				0.0,
				0.0,
				314883.93445974588,
				16450.237463472644,
				259232.0,
				0.0,
				0.0,
				-314883.93445974588,
				0.0,
				-22327.539206568443,
				0.0,
				259232.0,
				0.0,
				-16450.237463472644,
				22327.539206568443,
				0.0,
				0.0,
				0.0,
				259232.0
			],
			"source_node_id" : 8,
			"target_node_id" : 9,
			"transformation" : 
			[
				0.99997045584884148,
				0.0046977211993295079,
				-0.0060843113820127116,
				0.0,
				-0.0047154304066920252,
				0.99998467849549511,
				-0.0028995672677890119,
				0.0,
				0.0060705968025856873,
				0.0029281717494298817,
				0.99997728657438334,
				0.0,
				-0.0066121446630884586,
				-0.0044586366476485105,
				0.0032752274045952669,
				1.0
			],
			"uncertain" : false,
			"version_major" : 1,
			"version_minor" : 0
		},
		{
			"class_name" : "PoseGraphEdge",
			"confidence" : 1.0,
			"information" : 
			[
				471075.71326792456,
				1853.1626250666354,
				52132.904728431102,
				0.0,
				-314089.09368753433,
				-16566.300074301194,
				1853.1626250666354,
				495755.03604791139,
				49221.046917539985,
				314089.09368753433,
				0.0,
				22346.36212828249,
				52132.904728431102,
				49221.046917539985,
				85830.848501518063,
				16566.300074301194,
				-22346.36212828249,
				0.0,
				0.0,
				314089.09368753433,
				16566.300074301194,
				258479.0,
				0.0,
				0.0,
				-314089.09368753433,
				0.0,
				-22346.36212828249,
				0.0,
				258479.0,
				0.0,
				-16566.300074301194,
				22346.36212828249,
				0.0,
				0.0,
				0.0,
				258479.0
			],
			"source_node_id" : 9,
			"target_node_id" : 10,
			"transformation" : 
			[
				0.99996441670287806,
				0.0061152832179081637,
				-0.005811079007988976,
				0.0,
				-0.0061191755359515116,
				0.9999810649404659,
				-0.00065226627425116679,
				0.0,
				0.0058069801818614588,
				0.00068780207696969369,
				0.99998290280857849,
				0.0,
				-0.0082448891479482353,
				-0.0036768591809248552,
				0.0027832531888232277,
				1.0
			],
			"uncertain" : false,
			"version_major" : 1,
			"version_minor" : 0
		},
		{
			"class_name" : "PoseGraphEdge",
			"confidence" : 1.0,
			"information" : 
			[
				467260.04346946959,
				2382.0886801836969,
				50721.655785314164,
				0.0,
				-312601.82860118151,
				-16603.111887724139,
				2382.0886801836969,
				491826.83324529964,
				48783.317712619886,
				312601.82860118151,
				0.0,
				21841.776009982161,
				50721.655785314164,
				48783.317712619886,
				84849.53882159332,
				16603.111887724139,
				-21841.776009982161,
				0.0,
				0.0,
				312601.82860118151,
				16603.111887724139,
				257994.0,
				0.0,
				0.0,
				-312601.82860118151,
				0.0,
				-21841.776009982161,
				0.0,
				257994.0,
				0.0,
				-16603.111887724139,
				21841.776009982161,
				0.0,
				0.0,
				0.0,
				257994.0
			],
			"source_node_id" : 10,
			"target_node_id" : 11,
			"transformation" : 
			[
				0.99997561863111228,
				0.0058596068310599108,
				-0.0037983089801812259,
				0.0,
				-0.0058575121818052051,
				0.99998268650183597,
				0.00056235897053230383,
				0.0,
				0.0038015384206309083,
				-0.00054009661832913009,
				0.99999262827346813,
				0.0,
				-0.0060313262586204446,
				-0.0037883073125306432,
				0.0021785126169293913,
				1.0
			],
			"uncertain" : false,
			"version_major" : 1,
			"version_minor" : 0
		},
		{
			"class_name" : "PoseGraphEdge",
			"confidence" : 1.0,
			"information" : 
			[
				451678.11504085368,
				2270.6337366139269,
				49096.713670381934,
				0.0,
				-306063.08733230829,
				-16494.214143226098,
				2270.6337366139269,
				474422.09494333394,
				46402.595034639962,
				306063.08733230829,
				0.0,
				20905.181535074487,
				49096.713670381934,
				46402.595034639962,
				79669.102965797225,
				16494.214143226098,
				-20905.181535074487,
				0.0,
				0.0,
				306063.08733230829,
				16494.214143226098,
				254827.0,
				0.0,
				0.0,
				-306063.08733230829,
				0.0,
				-20905.181535074487,
				0.0,
				254827.0,
				0.0,
				-16494.214143226098,
				20905.181535074487,
				0.0,
				0.0,
				0.0,
				254827.0
			],
			"source_node_id" : 11,
			"target_node_id" : 12,
			"transformation" : 
			[
				0.99981830647612868,
				0.011054975234875126,
				-0.015528733295485177,
				0.0,
				-0.010952895941851649,
				0.99991794685139346,
				0.0066433150595708798,
				0.0,
				0.015600900797485441,
				-0.0064720234123532994,
				0.99985735222943506,
				0.0,
				-0.014499491931717826,
				-0.0045380193667075991,
				0.0032712195983399766,
				1.0
			],
			"uncertain" : false,
			"version_major" : 1,
			"version_minor" : 0
		},
		{
			"class_name" : "PoseGraphEdge",
			"confidence" : 1.0,
			"information" : 
			[
				458504.28529903485,
				2813.2999942745414,
				50514.62089390793,
				0.0,
				-309988.26155483723,
				-13853.732880173426,
				2813.2999942745414,
				482289.48276689951,
				43394.189438963862,
				309988.26155483723,
				0.0,
				21997.22963090369,
				50514.62089390793,
				43394.189438963862,
				79404.928327914487,
				13853.732880173426,
				-21997.22963090369,
				0.0,
				0.0,
				309988.26155483723,
				13853.732880173426,
				257105.0,
				0.0,
				0.0,
				-309988.26155483723,
				0.0,
				-21997.22963090369,
				0.0,
				257105.0,
				0.0,
				-13853.732880173426,
				21997.22963090369,
				0.0,
				0.0,
				0.0,
				257105.0
			],
			"source_node_id" : 12,
			"target_node_id" : 13,
			"transformation" : 
			[
				0.99972281437914323,
				0.017853772912411661,
				-0.015347221332738499,
				0.0,
				-0.01799589625964693,
				0.99979598253900737,
				-0.009172841254078138,
				0.0,
				0.015180320406896973,
				0.0094464856773579086,
				0.99984014811403255,
				0.0,
				-0.019565830522552639,
				-0.0064584935642720866,
				0.0089106748106738964,
				1.0
			],
			"uncertain" : false,
			"version_major" : 1,
			"version_minor" : 0
		},
		{
			"class_name" : "PoseGraphEdge",
			"confidence" : 1.0,
			"information" : 
			[
				467452.34103825741,
				3116.9964694416317,
				50167.181250211332,
				0.0,
				-311956.76402390003,
				-15473.776156619482,
				3116.9964694416317,
				492835.96970221301,
				47188.042242227399,
				311956.76402390003,
				0.0,
				21318.542190065957,
				50167.181250211332,
				47188.042242227399,
				83434.29940916074,
				15473.776156619482,
				-21318.542190065957,
				0.0,
				0.0,
				311956.76402390003,
				15473.776156619482,
				257099.0,
				0.0,
				0.0,
				-311956.76402390003,
				0.0,
				-21318.542190065957,
				0.0,
				257099.0,
				0.0,
				-15473.776156619482,
				21318.542190065957,
				0.0,
				0.0,
				0.0,
				257099.0
			],
			"source_node_id" : 13,
			"target_node_id" : 14,
			"transformation" : 
			[
				0.99999756918537275,
				0.0014957139055050838,
				-0.0016200195241034678,
				0.0,
				-0.0015000706724611764,
				0.99999525289907343,
				-0.0026914619252125338,
				0.0,
				0.0016159861766796052,
				0.00269388552654444,
				0.99999506577255071,
				0.0,
				-0.0022492195336738206,
				-0.0049413327502403018,
				0.0028517454802443167,
				1.0
			],
			"uncertain" : false,
			"version_major" : 1,
			"version_minor" : 0
		},
		{
			"class_name" : "PoseGraphEdge",
			"confidence" : 1.0,
			"information" : 
			[
				461245.51096155407,
				2793.4018191580935,
				49133.103848935309,
				0.0,
				-308606.24271088839,
				-16236.752510576858,
				2793.4018191580935,
				485108.77117357869,
				47287.726598440429,
				308606.24271088839,
				0.0,
				20458.358241817041,
				49133.103848935309,
				47287.726598440429,
				80545.509279670165,
				16236.752510576858,
				-20458.358241817041,
				0.0,
				0.0,
				308606.24271088839,
				16236.752510576858,
				254718.0,
				0.0,
				0.0,
				-308606.24271088839,
				0.0,
				-20458.358241817041,
				0.0,
				254718.0,
				0.0,
				-16236.752510576858,
				20458.358241817041,
				0.0,
				0.0,
				0.0,
				254718.0
			],
			"source_node_id" : 14,
			"target_node_id" : 15,
			"transformation" : 
			[
				0.9999113930061847,
				0.0057720504505950794,
				-0.011995397868632801,
				0.0,
				-0.0057464461207981871,
				0.99998113913863185,
				0.0021678846799582452,
				0.0,
				0.012007684764840335,
				-0.0020987616826641815,
				0.99992570259294122,
				0.0,
				-0.0094253929616119943,
				-0.0073083683476341879,
				0.005185548592166119,
				1.0
			],
			"uncertain" : false,
			"version_major" : 1,
			"version_minor" : 0
		},
		{
			"class_name" : "PoseGraphEdge",
			"confidence" : 1.0,
			"information" : 
			[
				464820.19530853722,
				2595.5520422028776,
				50966.394062669715,
				0.0,
				-310390.75395864248,
				-16106.270758075116,
				2595.5520422028776,
				489560.24001594645,
				47861.971457013875,
				310390.75395864248,
				0.0,
				21405.082262889773,
				50966.394062669715,
				47861.971457013875,
				82468.968053083925,
				16106.270758075116,
				-21405.082262889773,
				0.0,
				0.0,
				310390.75395864248,
				16106.270758075116,
				256376.0,
				0.0,
				0.0,
				-310390.75395864248,
				0.0,
				-21405.082262889773,
				0.0,
				256376.0,
				0.0,
				-16106.270758075116,
				21405.082262889773,
				0.0,
				0.0,
				0.0,
				256376.0
			],
			"source_node_id" : 15,
			"target_node_id" : 16,
			"transformation" : 
			[
				0.99998026323815692,
				0.0052328525200326789,
				-0.0034771236174238151,
				0.0,
				-0.0052308113751253988,
				0.9999861416878435,
				0.00059585620469858487,
				0.0,
				0.0034801934580016595,
				-0.00057765626665584092,
				0.99999377726400507,
				0.0,
				-0.003673643657009275,
				-0.0049527638040761258,
				0.0033620152317122686,
				1.0
			],
			"uncertain" : false,
			"version_major" : 1,
			"version_minor" : 0
		},
		{
			"class_name" : "PoseGraphEdge",
			"confidence" : 1.0,
			"information" : 
			[
				463092.92308753403,
				2147.8048925232815,
				52011.592200551306,
				0.0,
				-309843.21015357971,
				-15894.579994924308,
				2147.8048925232815,
				487594.46588225954,
				47384.97377508854,
				309843.21015357971,
				0.0,
				21642.991633249447,
				52011.592200551306,
				47384.97377508854,
				82080.71815429756,
				15894.579994924308,
				-21642.991633249447,
				0.0,
				0.0,
				309843.21015357971,
				15894.579994924308,
				256556.0,
				0.0,
				0.0,
				-309843.21015357971,
				0.0,
				-21642.991633249447,
				0.0,
				256556.0,
				0.0,
				-15894.579994924308,
				21642.991633249447,
				0.0,
				0.0,
				0.0,
				256556.0
			],
			"source_node_id" : 16,
			"target_node_id" : 17,
			"transformation" : 
			[
				0.99999364447142225,
				-0.00054618871980802576,
				-0.0035231654297440489,
				0.0,
				0.0005540136796696178,
				0.99999738142241235,
				0.0022204092329339464,
				0.0,
				0.0035219434415856288,
				-0.0022223470029034318,
				0.99999132850649908,
				0.0,
				-0.0022463115895814483,
				-0.0030844469155317266,
				0.0026482704425496713,
				1.0
			],
			"uncertain" : false,
			"version_major" : 1,
			"version_minor" : 0
		},
		{
			"class_name" : "PoseGraphEdge",
			"confidence" : 1.0,
			"information" : 
			[
				462437.67447746388,
				1787.6273198896238,
				52861.460445556491,
				0.0,
				-309659.10384601355,
				-15605.228521515324,
				1787.6273198896238,
				486540.23576962732,
				46931.324832891252,
				309659.10384601355,
				0.0,
				21901.448815960553,
				52861.460445556491,
				46931.324832891252,
				81563.6602557773,
				15605.228521515324,
				-21901.448815960553,
				0.0,
				0.0,
				309659.10384601355,
				15605.228521515324,
				256641.0,
				0.0,
				0.0,
				-309659.10384601355,
				0.0,
				-21901.448815960553,
				0.0,
				256641.0,
				0.0,
				-15605.228521515324,
				21901.448815960553,
				0.0,
				0.0,
				0.0,
				256641.0
			],
			"source_node_id" : 17,
			"target_node_id" : 18,
			"transformation" : 
			[
				0.99998341449196071,
				0.0014904347369051596,
				-0.0055632135762384155,
				0.0,
				-0.0014769312186484159,
				0.99999595540378206,
				0.0024306069719127444,
				0.0,
				0.0055668137363485337,
				-0.0024223501752545177,
				0.99998157123241693,
				0.0,
				-0.0036654665985567936,
				-0.00137782489853842,
				0.0030467199899081405,
				1.0
			],
			"uncertain" : false,
			"version_major" : 1,
			"version_minor" : 0
		},
		{
			"class_name" : "PoseGraphEdge",
			"confidence" : 1.0,
			"information" : 
			[
				465734.87609556247,
				1726.0351848099481,
				53379.203198371535,
				0.0,
				-311312.25947582722,
				-15588.17637620552,
				1726.0351848099481,
				490057.62511622842,
				47131.845327126182,
				311312.25947582722,
				0.0,
				21991.577384583419,
				53379.203198371535,
				47131.845327126182,
				81977.369043074214,
				15588.17637620552,
				-21991.577384583419,
				0.0,
				0.0,
				311312.25947582722,
				15588.17637620552,
				257523.0,
				0.0,
				0.0,
				-311312.25947582722,
				0.0,
				-21991.577384583419,
				0.0,
				257523.0,
				0.0,
				-15588.17637620552,
				21991.577384583419,
				0.0,
				0.0,
				0.0,
				257523.0
			],
			"source_node_id" : 18,
			"target_node_id" : 19,
			"transformation" : 
			[
				0.9999858975319611,
				0.0032182070688225894,
				-0.0042246751900493892,
				0.0,
				-0.0032210399936169008,
				0.99999459203209196,
				-0.0006639336789491094,
				0.0,
				0.0042225156670827151,
				0.00067753216359281595,
				0.99999085561399481,
				0.0,
				-0.0024195639391227605,
				-0.0031265891119903475,
				0.0035669590122221983,
				1.0
			],
			"uncertain" : false,
			"version_major" : 1,
			"version_minor" : 0
		},
		{
			"class_name" : "PoseGraphEdge",
			"confidence" : 1.0,
			"information" : 
			[
				465566.08125718095,
				1586.8918483306722,
				53128.59027599531,
				0.0,
				-311006.10988265276,
				-15619.135991459014,
				1586.8918483306722,
				489748.55130316789,
				47126.690048727854,
				311006.10988265276,
				0.0,
				21730.689865036693,
				53128.59027599531,
				47126.690048727854,
				81388.603087298965,
				15619.135991459014,
				-21730.689865036693,
				0.0,
				0.0,
				311006.10988265276,
				15619.135991459014,
				256929.0,
				0.0,
				0.0,
				-311006.10988265276,
				0.0,
				-21730.689865036693,
				0.0,
				256929.0,
				0.0,
				-15619.135991459014,
				21730.689865036693,
				0.0,
				0.0,
				0.0,
				256929.0
			],
			"source_node_id" : 19,
			"target_node_id" : 20,
			"transformation" : 
			[
				0.99996594379061332,
				0.0066657223597098875,
				-0.0048661488233216824,
				0.0,
				-0.0066688824871307213,
				0.99997756210724953,
				-0.00063347329434656748,
				0.0,
				0.0048618170800938769,
				0.00066590349531503717,
				0.99998795958112163,
				0.0,
				-0.0021530441735789275,
				-0.0044315648481883917,
				0.0041590389657912242,
				1.0
			],
			"uncertain" : false,
			"version_major" : 1,
			"version_minor" : 0
		},
		{
			"class_name" : "PoseGraphEdge",
			"confidence" : 1.0,
			"information" : 
			[
				466292.76707992179,
				1561.2780880291862,
				53543.185032585301,
				0.0,
				-311052.48310995102,
				-15706.114449823101,
				1561.2780880291862,
				490700.16676720727,
				47370.390187686411,
				311052.48310995102,
				0.0,
				21960.12920459843,
				53543.185032585301,
				47370.390187686411,
				81785.194677150095,
				15706.114449823101,
				-21960.12920459843,
				0.0,
				0.0,
				311052.48310995102,
				15706.114449823101,
				256715.0,
				0.0,
				0.0,
				-311052.48310995102,
				0.0,
				-21960.12920459843,
				0.0,
				256715.0,
				0.0,
				-15706.114449823101,
				21960.12920459843,
				0.0,
				0.0,
				0.0,
				256715.0
			],
			"source_node_id" : 20,
			"target_node_id" : 21,
			"transformation" : 
			[
				0.99998827570316429,
				0.0029387574011909977,
				-0.0038486570580537941,
				0.0,
				-0.0029387656551132231,
				0.99999568181272702,
				3.5105580036585911e-06,
				0.0,
				0.0038486507555101812,
				7.7997843356803181e-06,
				0.99999259388583739,
				0.0,
				-0.0021728504813796467,
				-0.0044851552561581296,
				0.0033709118652195582,
				1.0
			],
			"uncertain" : false,
			"version_major" : 1,
			"version_minor" : 0
		},
		{
			"class_name" : "PoseGraphEdge",
			"confidence" : 1.0,
			"information" : 
			[
				465734.83939981577,
				1086.9628232199648,
				55195.683244874337,
				0.0,
				-310853.02660995722,
				-15727.22774929303,
				1086.9628232199648,
				490211.52571498771,
				47437.630529593785,
				310853.02660995722,
				0.0,
				22883.443662947568,
				55195.683244874337,
				47437.630529593785,
				81864.677306126265,
				15727.22774929303,
				-22883.443662947568,
				0.0,
				0.0,
				310853.02660995722,
				15727.22774929303,
				256753.0,
				0.0,
				0.0,
				-310853.02660995722,
				0.0,
				-22883.443662947568,
				0.0,
				256753.0,
				0.0,
				-15727.22774929303,
				22883.443662947568,
				0.0,
				0.0,
				0.0,
				256753.0
			],
			"source_node_id" : 21,
			"target_node_id" : 22,
			"transformation" : 
			[
				0.99999226439783517,
				0.0018957666068403574,
				-0.0034463333360159904,
				0.0,
				-0.0018912862968137071,
				0.99999736284883478,
				0.0013028167632505255,
				0.0,
				0.0034487940840286233,
				-0.0012962886821656907,
				0.99999321270447539,
				0.0,
				-0.0043587676137827221,
				-0.0027486890881614334,
				0.0020542290621512558,
				1.0
			],
			"uncertain" : false,
			"version_major" : 1,
			"version_minor" : 0
		},
		{
			"class_name" : "PoseGraphEdge",
			"confidence" : 1.0,
			"information" : 
			[
				466384.23172737967,
				885.31608828354115,
				55629.829805440611,
				0.0,
				-311164.76831316948,
				-15937.828164925333,
				885.31608828354115,
				491175.17603612883,
				47989.918450667094,
				311164.76831316948,
				0.0,
				23124.16850889218,
				55629.829805440611,
				47989.918450667094,
				82449.519069547838,
				15937.828164925333,
				-23124.16850889218,
				0.0,
				0.0,
				311164.76831316948,
				15937.828164925333,
				257190.0,
				0.0,
				0.0,
				-311164.76831316948,
				0.0,
				-23124.16850889218,
				0.0,
				257190.0,
				0.0,
				-15937.828164925333,
				23124.16850889218,
				0.0,
				0.0,
				0.0,
				257190.0
			],
			"source_node_id" : 22,
			"target_node_id" : 23,
			"transformation" : 
			[
				0.99999192308074525,
				0.0040043647675663697,
				-0.00034472609549336989,
				0.0,
				-0.0040044214841712077,
				0.99999196882504249,
				-0.0001639938798442822,
				0.0,
				0.00034406663562324178,
				0.00016537298386190398,
				0.99999992713496055,
				0.0,
				-0.0019500072884137568,
				-0.003631583039478747,
				0.0020608780882068515,
				1.0
			],
			"uncertain" : false,
			"version_major" : 1,
			"version_minor" : 0
		},
		{
			"class_name" : "PoseGraphEdge",
			"confidence" : 1.0,
			"information" : 
			[
				462944.22817175509,
				740.83692571949337,
				55803.342610751504,
				0.0,
				-309663.99650901556,
				-16126.914489744173,
				740.83692571949337,
				487463.00776443159,
				48063.070898198617,
				309663.99650901556,
				0.0,
				23536.556648900034,
				55803.342610751504,
				48063.070898198617,
				82066.600151654362,
				16126.914489744173,
				-23536.556648900034,
				0.0,
				0.0,
				309663.99650901556,
				16126.914489744173,
				256689.0,
				0.0,
				0.0,
				-309663.99650901556,
				0.0,
				-23536.556648900034,
				0.0,
				256689.0,
				0.0,
				-16126.914489744173,
				23536.556648900034,
				0.0,
				0.0,
				0.0,
				256689.0
			],
			"source_node_id" : 23,
			"target_node_id" : 24,
			"transformation" : 
			[
				0.99999768610084139,
				0.0014504718354478243,
				0.0015886863812477688,
				0.0,
				-0.0014509867242651067,
				0.99999889515604767,
				0.00032299258772002301,
				0.0,
				-0.0015882161343456816,
				-0.00032529700319595869,
				0.99999868587482155,
				0.0,
				-0.0035653873275309157,
				-0.0042953614686994214,
				0.0018631128253510159,
				1.0
			],
			"uncertain" : false,
			"version_major" : 1,
			"version_minor" : 0
		},
		{
			"class_name" : "PoseGraphEdge",
			"confidence" : 1.0,
			"information" : 
			[
				450815.32659330615,
				579.58802870190789,
				56315.381503314056,
				0.0,
				-304339.34158784151,
				-15681.606171055348,
				579.58802870190789,
				474078.02416402847,
				46337.937716076631,
				304339.34158784151,
				0.0,
				24803.968668221962,
				56315.381503314056,
				46337.937716076631,
				79577.388099703676,
				15681.606171055348,
				-24803.968668221962,
				0.0,
				0.0,
				304339.34158784151,
				15681.606171055348,
				254140.0,
				0.0,
				0.0,
				-304339.34158784151,
				0.0,
				-24803.968668221962,
				0.0,
				254140.0,
				0.0,
				-15681.606171055348,
				24803.968668221962,
				0.0,
				0.0,
				0.0,
				254140.0
			],
			"source_node_id" : 24,
			"target_node_id" : 25,
			"transformation" : 
			[
				0.99990807538553927,
				-0.0075281582563942427,
				0.011276861799828742,
				0.0,
				0.0075004572932007157,
				0.99996875426546339,
				0.0024967244880557743,
				0.0,
				-0.011295305183067239,
				-0.0024119133572888529,
				0.99993329715275381,
				0.0,
				-0.0048646898838503316,
				-0.0031165710437486352,
				0.005045299927271177,
				1.0
			],
			"uncertain" : false,
			"version_major" : 1,
			"version_minor" : 0
		},
		{
			"class_name" : "PoseGraphEdge",
			"confidence" : 1.0,
			"information" : 
			[
				453941.52361572598,
				942.24235530922795,
				54362.621705461796,
				0.0,
				-307126.63736158609,
				-15864.487789058825,
				942.24235530922795,
				477866.56778592261,
				47094.367945847654,
				307126.63736158609,
				0.0,
				23507.507628843887,
				54362.621705461796,
				47094.367945847654,
				81227.976823339763,
				15864.487789058825,
				-23507.507628843887,
				0.0,
				0.0,
				307126.63736158609,
				15864.487789058825,
				257429.0,
				0.0,
				0.0,
				-307126.63736158609,
				0.0,
				-23507.507628843887,
				0.0,
				257429.0,
				0.0,
				-15864.487789058825,
				23507.507628843887,
				0.0,
				0.0,
				0.0,
				257429.0
			],
			"source_node_id" : 25,
			"target_node_id" : 26,
			"transformation" : 
			[
				0.99996584161784019,
				-0.002764574488163645,
				0.0077892698902770428,
				0.0,
				0.0027661862351683161,
				0.99999615486146232,
				-0.00019615300940303303,
				0.0,
				-0.0077886976598496365,
				0.0002176928802860711,
				0.99996964393854171,
				0.0,
				-0.0003093061399446536,
				-0.0027692815309903981,
				0.0037285448360446717,
				1.0
			],
			"uncertain" : false,
			"version_major" : 1,
			"version_minor" : 0
		},
		{
			"class_name" : "PoseGraphEdge",
			"confidence" : 1.0,
			"information" : 
			[
				448689.93950888206,
				1018.5171313518666,
				53520.220142525141,
				0.0,
				-305327.27478134632,
				-15871.04659060546,
				1018.5171313518666,
				472441.46442213986,
				46529.048461383201,
				305327.27478134632,
				0.0,
				23290.166936420719,
				53520.220142525141,
				46529.048461383201,
				80584.959816451796,
				15871.04659060546,
				-23290.166936420719,
				0.0,
				0.0,
				305327.27478134632,
				15871.04659060546,
				257088.0,
				0.0,
				0.0,
				-305327.27478134632,
				0.0,
				-23290.166936420719,
				0.0,
				257088.0,
				0.0,
				-15871.04659060546,
				23290.166936420719,
				0.0,
				0.0,
				0.0,
				257088.0
			],
			"source_node_id" : 26,
			"target_node_id" : 27,
			"transformation" : 
			[
				0.99995912569333345,
				-0.0051119775537463493,
				0.0074575215798096343,
				0.0,
				0.0051015660224449661,
				0.99998598655548399,
				0.0014144669577902324,
				0.0,
				-0.0074646477975834772,
				-0.0013763641037308249,
				0.99997119191260286,
				0.0,
				-0.00075411995013525035,
				-0.0026627815586493866,
				0.0029015998077529192,
				1.0
			],
			"uncertain" : false,
			"version_major" : 1,
			"version_minor" : 0
		},
		{
			"class_name" : "PoseGraphEdge",
			"confidence" : 1.0,
			"information" : 
			[
				443486.3264775931,
				1030.4787881123086,
				52853.543894951625,
				0.0,
				-303852.81366544962,
				-15773.915556701832,
				1030.4787881123086,
				467083.56160451617,
				45826.225401511649,
				303852.81366544962,
				0.0,
				23185.371244337293,
				52853.543894951625,
				45826.225401511649,
				80048.723992391213,
				15773.915556701832,
				-23185.371244337293,
				0.0,
				0.0,
				303852.81366544962,
				15773.915556701832,
				257281.0,
				0.0,
				0.0,
				-303852.81366544962,
				0.0,
				-23185.371244337293,
				0.0,
				257281.0,
				0.0,
				-15773.915556701832,
				23185.371244337293,
				0.0,
				0.0,
				0.0,
				257281.0
			],
			"source_node_id" : 27,
			"target_node_id" : 28,
			"transformation" : 
			[
				0.99993612575797941,
				-0.006985387206483373,
				0.0088853120203031578,
				0.0,
				0.0069673574672002025,
				0.99997360890393761,
				0.00205850080376256,
				0.0,
				-0.0088994569523592176,
				-0.001996462173530957,
				0.99995840603734198,
				0.0,
				0.00050269210940320221,
				-0.0023675443093074135,
				0.0030739493097356923,
				1.0
			],
			"uncertain" : false,
			"version_major" : 1,
			"version_minor" : 0
		},
		{
			"class_name" : "PoseGraphEdge",
			"confidence" : 1.0,
			"information" : 
			[
				437021.60479409544,
				863.27963424043332,
				52266.935839269638,
				0.0,
				-302003.62996262312,
				-15795.161132612266,
				863.27963424043332,
				460467.93641645199,
				45053.083088891646,
				302003.62996262312,
				0.0,
				23015.797461265174,
				52266.935839269638,
				45053.083088891646,
				79271.168350515247,
				15795.161132612266,
				-23015.797461265174,
				0.0,
				0.0,
				302003.62996262312,
				15795.161132612266,
				257423.0,
				0.0,
				0.0,
				-302003.62996262312,
				0.0,
				-23015.797461265174,
				0.0,
				257423.0,
				0.0,
				-15795.161132612266,
				23015.797461265174,
				0.0,
				0.0,
				0.0,
				257423.0
			],
			"source_node_id" : 28,
			"target_node_id" : 29,
			"transformation" : 
			[
				0.99994491719358802,
				-0.0058676783277995205,
				0.0087024668773467481,
				0.0,
				0.0058413519640142745,
				0.99997829544041583,
				0.0030474998462589084,
				0.0,
				-0.0087201597429377511,
				-0.002996497809429074,
				0.99995748900387582,
				0.0,
				0.00064886172724000024,
				-0.0025924953771528855,
				0.0026229958451496277,
				1.0
			],
			"uncertain" : false,
			"version_major" : 1,
			"version_minor" : 0
		},
		{
			"class_name" : "PoseGraphEdge",
			"confidence" : 1.0,
			"information" : 
			[
				430892.41775979369,
				841.00575022819635,
				51618.458253272365,
				0.0,
				-300615.10879898071,
				-15117.89225222636,
				841.00575022819635,
				454150.72760308051,
				43420.087247131516,
				300615.10879898071,
				0.0,
				22864.778206525079,
				51618.458253272365,
				43420.087247131516,
				78473.653929498119,
				15117.89225222636,
				-22864.778206525079,
				0.0,
				0.0,
				300615.10879898071,
				15117.89225222636,
				258091.0,
				0.0,
				0.0,
				-300615.10879898071,
				0.0,
				-22864.778206525079,
				0.0,
				258091.0,
				0.0,
				-15117.89225222636,
				22864.778206525079,
				0.0,
				0.0,
				0.0,
				258091.0
			],
			"source_node_id" : 29,
			"target_node_id" : 30,
			"transformation" : 
			[
				0.99992720018494252,
				-0.0075573538413404298,
				0.0094064197875322018,
				0.0,
				0.0075280928239295254,
				0.99996672639518736,
				0.0031422795748763509,
				0.0,
				-0.0094298541206532475,
				-0.0030712384162030529,
				0.99995082146366243,
				0.0,
				0.0018108687962562272,
				-0.00049143771617276774,
				0.0024721492554255278,
				1.0
			],
			"uncertain" : false,
			"version_major" : 1,
			"version_minor" : 0
		},
		{
			"class_name" : "PoseGraphEdge",
			"confidence" : 1.0,
			"information" : 
			[
				431951.54650965659,
				1082.5744423695862,
				50418.262936022649,
				0.0,
				-302058.52701181173,
				-15215.118981088628,
				1082.5744423695862,
				455288.47273212724,
				43612.016144463691,
				302058.52701181173,
				0.0,
				22320.569637874723,
				50418.262936022649,
				43612.016144463691,
				79060.079115437824,
				15215.118981088628,
				-22320.569637874723,
				0.0,
				0.0,
				302058.52701181173,
				15215.118981088628,
				259726.0,
				0.0,
				0.0,
				-302058.52701181173,
				0.0,
				-22320.569637874723,
				0.0,
				259726.0,
				0.0,
				-15215.118981088628,
				22320.569637874723,
				0.0,
				0.0,
				0.0,
				259726.0
			],
			"source_node_id" : 30,
			"target_node_id" : 31,
			"transformation" : 
			[
				0.99995905804097196,
				-0.0048071127210813505,
				0.0076664143573579114,
				0.0,
				0.0048061609760041441,
				0.99998844017937383,
				0.00014256330420333753,
				0.0,
				-0.0076670110528562884,
				-0.00010571144587216663,
				0.99997060245119507,
				0.0,
				0.001696103504388259,
				-0.0013713813193688364,
				0.0027523257936364408,
				1.0
			],
			"uncertain" : false,
			"version_major" : 1,
			"version_minor" : 0
		},
		{
			"class_name" : "PoseGraphEdge",
			"confidence" : 1.0,
			"information" : 
			[
				431540.79420124099,
				1153.1808732060776,
				49365.907856015598,
				0.0,
				-302246.10160011053,
				-15687.744191795704,
				1153.1808732060776,
				454942.09842307423,
				44168.095081072301,
				302246.10160011053,
				0.0,
				21966.784938832803,
				49365.907856015598,
				44168.095081072301,
				79267.805828582015,
				15687.744191795704,
				-21966.784938832803,
				0.0,
				0.0,
				302246.10160011053,
				15687.744191795704,
				260002.0,
				0.0,
				0.0,
				-302246.10160011053,
				0.0,
