{
	"class_name" : "PoseGraph",
	"edges" : 
	[
		{
			"class_name" : "PoseGraphEdge",
			"confidence" : 1.0,
			"information" : 
			[
				650851.66242249554,
				-4832.931996130178,
				6011.9563996532552,
				0.0,
				-390203.38992714882,
				-3384.0542134844,
				-4832.931996130178,
				668457.67807633069,
				11593.629806697134,
				390203.38992714882,
				0.0,
				4950.4722400940955,
				6011.9563996532552,
				11593.629806697134,
				96763.904633606871,
				3384.0542134844,
				-4950.4722400940955,
				0.0,
				0.0,
				390203.38992714882,
				3384.0542134844,
				254896.0,
				0.0,
				0.0,
				-390203.38992714882,
				0.0,
				-4950.4722400940955,
				0.0,
				254896.0,
				0.0,
				-3384.0542134844,
				4950.4722400940955,
				0.0,
				0.0,
				0.0,
				254896.0
			],
			"source_node_id" : 0,
			"target_node_id" : 1,
			"transformation" : 
			[
				0.99999267654204715,
				-0.0021571629277642042,
				0.0031612513940462946,
				0.0,
				0.0021448204747112776,
				0.99999008508398957,
				0.0039024964890391621,
				0.0,
				-0.0031696383712561216,
				-0.0038956875925545511,
				0.99998738842586254,
				0.0,
				4.2327739515782131e-05,
				-0.0043281916691765218,
				0.0033330506276397988,
				1.0
			],
			"uncertain" : false,
			"version_major" : 1,
			"version_minor" : 0
		},
		{
			"class_name" : "PoseGraphEdge",
			"confidence" : 1.0,
			"information" : 
			[
				649762.52357589966,
				-4713.2380480647871,
				5818.7677179517186,
				0.0,
				-389216.62772345543,
				-3058.8634625971317,
				-4713.2380480647871,
				666982.72421056358,
				10840.09858812667,
				389216.62772345543,
				0.0,
				4744.6004198156297,
				5818.7677179517186,
				10840.09858812667,
				96505.062604278181,
				3058.8634625971317,
				-4744.6004198156297,
				0.0,
				0.0,
				389216.62772345543,
				3058.8634625971317,
				254132.0,
				0.0,
				0.0,
				-389216.62772345543,
				0.0,
				-4744.6004198156297,
				0.0,
				254132.0,
				0.0,
				-3058.8634625971317,
				4744.6004198156297,
				0.0,
				0.0,
				0.0,
				254132.0
			],
			"source_node_id" : 1,
			"target_node_id" : 2,
			"transformation" : 
			[
				0.99998756171104064,
				-0.0038314993724373899,
				0.0031931231994895989,
				0.0,
				0.0038217007334025999,
				0.99998798741356876,
				0.0030691419100353575,
				0.0,
				-0.0032048442571234077,
				-0.003056900573888082,
				0.9999901921179879,
				0.0,
				-0.00075697088284724674,
				-0.0054786301719169867,
				0.0030191018436604208,
				1.0
			],
			"uncertain" : false,
			"version_major" : 1,
			"version_minor" : 0
		},
		{
			"class_name" : "PoseGraphEdge",
			"confidence" : 1.0,
			"information" : 
			[
				649833.91084947926,
				-4725.2683147508433,
				6516.8641773127365,
				0.0,
				-388387.36760759354,
				-2940.4948792940704,
				-4725.2683147508433,
				666557.06441185588,
				10324.621175668895,
				388387.36760759354,
				0.0,
				5103.3379084374756,
				6516.8641773127365,
				10324.621175668895,
				95782.791638828217,
				2940.4948792940704,
				-5103.3379084374756,
				0.0,
				0.0,
				388387.36760759354,
				2940.4948792940704,
				252969.0,
				0.0,
				0.0,
				-388387.36760759354,
				0.0,
				-5103.3379084374756,
				0.0,
				252969.0,
				0.0,
				-2940.4948792940704,
				5103.3379084374756,
				0.0,
				0.0,
				0.0,
				252969.0
			],
			"source_node_id" : 2,
			"target_node_id" : 3,
			"transformation" : 
			[
				0.99999141437320882,
				0.0027065642620972843,
				0.0031377842126676814,
				0.0,
				-0.0027106728036038813,
				0.99999547347560169,
				0.0013058641809005032,
				0.0,
				-0.0031342356040877095,
				-0.00131435847556686,
				0.99999422449780995,
				0.0,
				-0.0054215845519285369,
				-0.0095372236473180785,
				0.0066217059693597117,
				1.0
			],
			"uncertain" : false,
			"version_major" : 1,
			"version_minor" : 0
		},
		{
			"class_name" : "PoseGraphEdge",
			"confidence" : 1.0,
			"information" : 
			[
				651753.45092264004,
				-4705.0169007718332,
				5833.0866919668606,
				0.0,
				-389688.11690402031,
				-2428.3574003012618,
				-4705.0169007718332,
				668624.6381887974,
				9442.7521255329466,
				389688.11690402031,
				0.0,
				4548.7405665862607,
				5833.0866919668606,
				9442.7521255329466,
				96507.923419299841,
				2428.3574003012618,
				-4548.7405665862607,
				0.0,
				0.0,
				389688.11690402031,
				2428.3574003012618,
				254184.0,
				0.0,
				0.0,
				-389688.11690402031,
				0.0,
				-4548.7405665862607,
				0.0,
				254184.0,
				0.0,
				-2428.3574003012618,
				4548.7405665862607,
				0.0,
				0.0,
				0.0,
				254184.0
			],
			"source_node_id" : 3,
			"target_node_id" : 4,
			"transformation" : 
			[
				0.99999962255305785,
				-0.00015284280982309832,
				0.00085529691753868237,
				0.0,
				0.00015073036714830903,
				0.99999693977810622,
				0.0024693551342027491,
				0.0,
				-0.00085567172331749153,
				-0.0024692252829338025,
				0.99999658537037273,
				0.0,
				-0.0022818768639810798,
				-0.0056636934326463415,
				0.0037479969625529271,
				1.0
			],
			"uncertain" : false,
			"version_major" : 1,
			"version_minor" : 0
		},
		{
			"class_name" : "PoseGraphEdge",
			"confidence" : 1.0,
			"information" : 
			[
				651290.90899426176,
				-4698.1362588537095,
				4216.8437125364544,
				0.0,
				-389422.42375642061,
				-2969.975353939808,
				-4698.1362588537095,
				668078.10711095505,
				10092.747683035099,
				389422.42375642061,
				0.0,
				3469.1813371211756,
				4216.8437125364544,
				10092.747683035099,
				96186.5164423237,
				2969.975353939808,
				-3469.1813371211756,
				0.0,
				0.0,
				389422.42375642061,
				2969.975353939808,
				254043.0,
				0.0,
				0.0,
				-389422.42375642061,
				0.0,
				-3469.1813371211756,
				0.0,
				254043.0,
				0.0,
				-2969.975353939808,
				3469.1813371211756,
				0.0,
				0.0,
				0.0,
				254043.0
			],
			"source_node_id" : 4,
			"target_node_id" : 5,
			"transformation" : 
			[
				0.9999989978433127,
				0.0014105938434216831,
				0.00012057105818544136,
				0.0,
				-0.0014109823525409201,
				0.99999360795758674,
				0.0032852964506771172,
				0.0,
				-0.000115936068542983,
				-0.0032854632819306357,
				0.9999945961303246,
				0.0,
				0.0016989452764452305,
				-0.0079508212918730538,
				0.0027311536217875972,
				1.0
			],
			"uncertain" : false,
			"version_major" : 1,
			"version_minor" : 0
		},
		{
			"class_name" : "PoseGraphEdge",
			"confidence" : 1.0,
			"information" : 
			[
				650269.93168710382,
				-4588.4442095046279,
				3446.7385701580038,
				0.0,
				-389153.02988189459,
				-2528.8161051450297,
				-4588.4442095046279,
				667300.64966420911,
				9286.3939788272128,
				389153.02988189459,
				0.0,
				3211.3952705884585,
				3446.7385701580038,
				9286.3939788272128,
				95893.391174317861,
				2528.8161051450297,
				-3211.3952705884585,
				0.0,
				0.0,
				389153.02988189459,
				2528.8161051450297,
				254089.0,
				0.0,
				0.0,
				-389153.02988189459,
				0.0,
				-3211.3952705884585,
				0.0,
				254089.0,
				0.0,
				-2528.8161051450297,
				3211.3952705884585,
				0.0,
				0.0,
				0.0,
				254089.0
			],
			"source_node_id" : 5,
			"target_node_id" : 6,
			"transformation" : 
			[
				0.9999921670158376,
				0.00057471795923660636,
				-0.0039160702542268659,
				0.0,
				-0.00054752245595222557,
				0.99997575325210686,
				0.0069421269826046468,
				0.0,
				0.00391996506731088,
				-0.0069399284686306644,
				0.99996823512885691,
				0.0,
				-0.0053269863715984201,
				-0.0021592723632198321,
				0.0019395708017584975,
				1.0
			],
			"uncertain" : false,
			"version_major" : 1,
			"version_minor" : 0
		},
		{
			"class_name" : "PoseGraphEdge",
			"confidence" : 1.0,
			"information" : 
			[
				650528.46486119903,
				-4487.4988605343415,
				4181.3046944015778,
				0.0,
				-389457.02616286278,
				-2059.2687575239688,
				-4487.4988605343415,
				667187.60226192873,
				8411.1807566448806,
				389457.02616286278,
				0.0,
				3904.8526495211991,
				4181.3046944015778,
				8411.1807566448806,
				95711.203948297305,
				2059.2687575239688,
				-3904.8526495211991,
				0.0,
				0.0,
				389457.02616286278,
				2059.2687575239688,
				254467.0,
				0.0,
				0.0,
				-389457.02616286278,
				0.0,
				-3904.8526495211991,
				0.0,
				254467.0,
				0.0,
				-2059.2687575239688,
				3904.8526495211991,
				0.0,
				0.0,
				0.0,
				254467.0
			],
			"source_node_id" : 6,
			"target_node_id" : 7,
			"transformation" : 
			[
				0.99999942567459621,
				-0.00020696128724553844,
				0.0010515785771620918,
				0.0,
				0.00020172037622022103,
				0.99998757183007669,
				0.0049815152592268012,
				0.0,
				-0.0010525964887753258,
				-0.00498130027338983,
				0.99998703926011856,
				0.0,
				-0.0026460396699044654,
				-0.0022223060701265502,
				0.00098104669953268434,
				1.0
			],
			"uncertain" : false,
			"version_major" : 1,
			"version_minor" : 0
		},
		{
			"class_name" : "PoseGraphEdge",
			"confidence" : 1.0,
			"information" : 
			[
				653788.65767485031,
				-4498.7567428183565,
				4034.5572051284994,
				0.0,
				-390690.96733790636,
				-1206.8462330683833,
				-4498.7567428183565,
				669654.97118903289,
				7140.944146769084,
				390690.96733790636,
				0.0,
				3654.4021240734728,
				4034.5572051284994,
				7140.944146769084,
				96527.979175919085,
				1206.8462330683833,
				-3654.4021240734728,
				0.0,
				0.0,
				390690.96733790636,
				1206.8462330683833,
				255086.0,
				0.0,
				0.0,
				-390690.96733790636,
				0.0,
				-3654.4021240734728,
				0.0,
				255086.0,
				0.0,
				-1206.8462330683833,
				3654.4021240734728,
				0.0,
				0.0,
				0.0,
				255086.0
			],
			"source_node_id" : 7,
			"target_node_id" : 8,
			"transformation" : 
			[
				0.99999749139968952,
				-0.00051338352093669045,
				0.0021802824792816001,
				0.0,
				0.00051379983599908181,
				0.99999984988074431,
				-0.00019038964751499747,
				0.0,
				-0.0021801844090716259,
				0.00019150939868375579,
				0.99999760505717827,
				0.0,
				-0.00076019083598045359,
				-0.0021677827906550684,
				0.0010135707740076356,
				1.0
			],
			"uncertain" : false,
			"version_major" : 1,
			"version_minor" : 0
		},
		{
			"class_name" : "PoseGraphEdge",
			"confidence" : 1.0,
			"information" : 
			[
				654157.01767976361,
				-4470.3760932517152,
				4286.6542969328602,
				0.0,
				-390621.35425668955,
				-96.212856706697494,
				-4470.3760932517152,
				670478.41065711295,
				5636.6934371492271,
				390621.35425668955,
				0.0,
				3637.3889551623724,
				4286.6542969328602,
				5636.6934371492271,
				96335.636198974564,
				96.212856706697494,
				-3637.3889551623724,
				0.0,
				0.0,
				390621.35425668955,
				96.212856706697494,
				254749.0,
				0.0,
				0.0,
				-390621.35425668955,
				0.0,
				-3637.3889551623724,
				0.0,
				254749.0,
				0.0,
				-96.212856706697494,
				3637.3889551623724,
				0.0,
				0.0,
				0.0,
				254749.0
			],
			"source_node_id" : 8,
			"target_node_id" : 9,
			"transformation" : 
			[
				0.99997034609566915,
				0.0077010470060370059,
				2.8360485710940848e-05,
				0.0,
				-0.0077006944069331895,
				0.99994876005861277,
				-0.0065708875271335513,
				0.0,
				-7.8961746239154974e-05,
				0.0065704742792297719,
				0.99997841108335339,
				0.0,
				-0.0007833187456616524,
				-0.0034358632730772565,
				0.0021303547610504129,
				1.0
			],
			"uncertain" : false,
			"version_major" : 1,
			"version_minor" : 0
		},
		{
			"class_name" : "PoseGraphEdge",
			"confidence" : 1.0,
			"information" : 
			[
				659244.98955922632,
				-4436.2992795072823,
				3198.623875865921,
				0.0,
				-392096.39949792624,
				-2681.487814405933,
				-4436.2992795072823,
				675564.00942287548,
				9704.4904693777116,
				392096.39949792624,
				0.0,
				2714.5091597904684,
				3198.623875865921,
				9704.4904693777116,
				96554.288708543507,
				2681.487814405933,
				-2714.5091597904684,
				0.0,
				0.0,
				392096.39949792624,
				2681.487814405933,
				254571.0,
				0.0,
				0.0,
				-392096.39949792624,
				0.0,
				-2714.5091597904684,
				0.0,
				254571.0,
				0.0,
				-2681.487814405933,
				2714.5091597904684,
				0.0,
				0.0,
				0.0,
				254571.0
			],
			"source_node_id" : 9,
			"target_node_id" : 10,
			"transformation" : 
			[
				0.99999348695123691,
				-0.0010724239820993011,
				-0.0034461517537258883,
				0.0,
				0.0010656387988324423,
				0.99999749145961636,
				-0.0019701493406701037,
				0.0,
				0.0034482559443162969,
				0.0019664641559759403,
				0.99999212124379533,
				0.0,
				-0.0024183808509605238,
				-0.014384839601685276,
				0.007405430235737356,
				1.0
			],
			"uncertain" : false,
			"version_major" : 1,
			"version_minor" : 0
		},
		{
			"class_name" : "PoseGraphEdge",
			"confidence" : 1.0,
			"information" : 
			[
				660904.84681537386,
				-4575.103443884077,
				4344.7557680020136,
				0.0,
				-392569.8540686965,
				-436.88748392392881,
				-4575.103443884077,
				677264.19663625234,
				6621.7271381003238,
				392569.8540686965,
				0.0,
				3506.6895998943364,
				4344.7557680020136,
				6621.7271381003238,
				97340.11221834521,
				436.88748392392881,
				-3506.6895998943364,
				0.0,
				0.0,
				392569.8540686965,
				436.88748392392881,
				254813.0,
				0.0,
				0.0,
				-392569.8540686965,
				0.0,
				-3506.6895998943364,
				0.0,
				254813.0,
				0.0,
				-436.88748392392881,
				3506.6895998943364,
				0.0,
				0.0,
				0.0,
				254813.0
			],
			"source_node_id" : 10,
			"target_node_id" : 11,
			"transformation" : 
			[
				0.99998018116006826,
				0.0059008330829809739,
				-0.002194870384320792,
				0.0,
				-0.0059084990965327005,
				0.99997640985920322,
				-0.0035027651254746642,
				0.0,
				0.0021741493746850801,
				0.0035156640944160869,
				0.99999145655374067,
				0.0,
				-0.0031405173780684635,
				0.00059021476640712194,
				0.0011949429002626546,
				1.0
			],
			"uncertain" : false,
			"version_major" : 1,
			"version_minor" : 0
		},
		{
			"class_name" : "PoseGraphEdge",
			"confidence" : 1.0,
			"information" : 
			[
				664115.34768914606,
				-4543.8404589146976,
				4885.2749125010969,
				0.0,
				-393686.95129907131,
				-425.19307868706528,
				-4543.8404589146976,
				680675.29256258684,
				6957.1641652942308,
				393686.95129907131,
				0.0,
				3754.6755509504583,
				4885.2749125010969,
				6957.1641652942308,
				97673.080866462391,
				425.19307868706528,
				-3754.6755509504583,
				0.0,
				0.0,
				393686.95129907131,
				425.19307868706528,
				255008.0,
				0.0,
				0.0,
				-393686.95129907131,
				0.0,
				-3754.6755509504583,
				0.0,
				255008.0,
				0.0,
				-425.19307868706528,
				3754.6755509504583,
				0.0,
				0.0,
				0.0,
				255008.0
			],
			"source_node_id" : 11,
			"target_node_id" : 12,
			"transformation" : 
			[
				0.99999498481511884,
				0.0029427846784112564,
				-0.001170625024152952,
				0.0,
				-0.0029531169119112171,
				0.99995581361481889,
				-0.0089246802984928285,
				0.0,
				0.0011443098860226075,
				0.0089280925321274553,
				0.99995948903874199,
				0.0,
				-0.0016221850345733313,
				-0.0068425736687218845,
				0.0035634964381017513,
				1.0
			],
			"uncertain" : false,
			"version_major" : 1,
			"version_minor" : 0
		},
		{
			"class_name" : "PoseGraphEdge",
			"confidence" : 1.0,
			"information" : 
			[
				666336.42165931407,
				-4681.1749122029632,
				5137.8803786725475,
				0.0,
				-393564.50989246368,
				-885.44438556022942,
				-4681.1749122029632,
				682486.89015822846,
				7875.9673912150693,
				393564.50989246368,
				0.0,
				3672.847256168141,
				5137.8803786725475,
				7875.9673912150693,
				98751.596760471119,
				885.44438556022942,
				-3672.847256168141,
				0.0,
				0.0,
				393564.50989246368,
				885.44438556022942,
				254247.0,
				0.0,
				0.0,
				-393564.50989246368,
				0.0,
				-3672.847256168141,
				0.0,
				254247.0,
				0.0,
				-885.44438556022942,
				3672.847256168141,
				0.0,
				0.0,
				0.0,
				254247.0
			],
			"source_node_id" : 12,
			"target_node_id" : 13,
			"transformation" : 
			[
				0.99998698917420115,
				0.0025556568744641859,
				-0.0044147593656279783,
				0.0,
				-0.0025683040574569624,
				0.99999260790213096,
				-0.0028614603550485202,
				0.0,
				0.0044074138204672885,
				0.0028727615694777433,
				0.99998616087642989,
				0.0,
				-0.0052390842013812517,
				-0.0034437271770757778,
				0.0029674766327806028,
				1.0
			],
			"uncertain" : false,
			"version_major" : 1,
			"version_minor" : 0
		},
		{
			"class_name" : "PoseGraphEdge",
			"confidence" : 1.0,
			"information" : 
			[
				669635.50344533287,
				-4880.0910145243934,
				6171.917331971953,
				0.0,
				-394581.3827111125,
				-1578.1477647265419,
				-4880.0910145243934,
				685766.78105649492,
				9175.9422344379836,
				394581.3827111125,
				0.0,
				4308.8790909883101,
				6171.917331971953,
				9175.9422344379836,
				99511.747208383807,
				1578.1477647265419,
				-4308.8790909883101,
				0.0,
				0.0,
				394581.3827111125,
				1578.1477647265419,
				254397.0,
				0.0,
				0.0,
				-394581.3827111125,
				0.0,
				-4308.8790909883101,
				0.0,
				254397.0,
				0.0,
				-1578.1477647265419,
				4308.8790909883101,
				0.0,
				0.0,
				0.0,
				254397.0
			],
			"source_node_id" : 13,
			"target_node_id" : 14,
			"transformation" : 
			[
				0.99999985262574331,
				-0.00051438165395884276,
				0.00017366636467373595,
				0.0,
				0.00051478680067266395,
				0.99999712741339364,
				-0.0023409740516652736,
				0.0,
				-0.00017246171169749076,
				0.0023410631078182183,
				0.99999724483644636,
				0.0,
				-0.00069321496772787379,
				-0.0047983848713125379,
				0.0021161609628756036,
				1.0
			],
			"uncertain" : false,
			"version_major" : 1,
			"version_minor" : 0
		},
		{
			"class_name" : "PoseGraphEdge",
			"confidence" : 1.0,
			"information" : 
			[
				671412.4520992164,
				-4911.3882346029204,
				6004.1900789731908,
				0.0,
				-395274.51276499033,
				-1940.2766780428356,
				-4911.3882346029204,
				687638.81853300089,
				9821.4703407208635,
				395274.51276499033,
				0.0,
				4080.2006874737563,
				6004.1900789731908,
				9821.4703407208635,
				99467.600220530119,
				1940.2766780428356,
				-4080.2006874737563,
				0.0,
				0.0,
				395274.51276499033,
				1940.2766780428356,
				254597.0,
				0.0,
				0.0,
				-395274.51276499033,
				0.0,
				-4080.2006874737563,
				0.0,
				254597.0,
				0.0,
				-1940.2766780428356,
				4080.2006874737563,
				0.0,
				0.0,
				0.0,
				254597.0
			],
			"source_node_id" : 14,
			"target_node_id" : 15,
			"transformation" : 
			[
				0.99999870817272252,
				0.0001090651247807167,
				-0.0016036700673561382,
				0.0,
				-0.00010925907510202186,
				0.99999998672833101,
				-0.00012085442565448995,
				0.0,
				0.0016036568650697506,
				0.00012102948503977277,
				0.99999870681742498,
				0.0,
				-0.002387180222980392,
				-0.0023066776583503964,
				0.0026076754874222664,
				1.0
			],
			"uncertain" : false,
			"version_major" : 1,
			"version_minor" : 0
		},
		{
			"class_name" : "PoseGraphEdge",
			"confidence" : 1.0,
			"information" : 
			[
				675433.60772934381,
				-5043.3507122617611,
				6515.2217140421826,
				0.0,
				-397175.50745993853,
				-2123.3158043498406,
				-5043.3507122617611,
				691834.99307034328,
				10176.770100302692,
				397175.50745993853,
				0.0,
				4388.3625626104185,
				6515.2217140421826,
				10176.770100302692,
				99791.435669423809,
				2123.3158043498406,
				-4388.3625626104185,
				0.0,
				0.0,
				397175.50745993853,
				2123.3158043498406,
				255455.0,
				0.0,
				0.0,
				-397175.50745993853,
				0.0,
				-4388.3625626104185,
				0.0,
				255455.0,
				0.0,
				-2123.3158043498406,
				4388.3625626104185,
				0.0,
				0.0,
				0.0,
				255455.0
			],
			"source_node_id" : 15,
			"target_node_id" : 16,
			"transformation" : 
			[
				0.99999929243237384,
				-0.00096463966860088287,
				-0.00069613580716013578,
				0.0,
				0.00096343123332520068,
				0.9999980322230575,
				-0.0017341713503571023,
				0.0,
				0.00069780728779684793,
				0.00173349944433434,
				0.99999825402080889,
				0.0,
				-0.0021333955311219244,
				-0.0058389935758573989,
				0.0027392537913175329,
				1.0
			],
			"uncertain" : false,
			"version_major" : 1,
			"version_minor" : 0
		},
		{
			"class_name" : "PoseGraphEdge",
			"confidence" : 1.0,
			"information" : 
			[
				673227.5647002724,
				-5010.769634362975,
				6274.6990959876439,
				0.0,
				-395316.47368443012,
				-2186.0317871341249,
				-5010.769634362975,
				689620.15210052778,
				10181.38698177665,
				395316.47368443012,
				0.0,
				4197.1648844021838,
				6274.6990959876439,
				10181.38698177665,
				99452.351240594406,
				2186.0317871341249,
				-4197.1648844021838,
				0.0,
				0.0,
				395316.47368443012,
				2186.0317871341249,
				253918.0,
				0.0,
				0.0,
				-395316.47368443012,
				0.0,
				-4197.1648844021838,
				0.0,
				253918.0,
				0.0,
				-2186.0317871341249,
				4197.1648844021838,
				0.0,
				0.0,
				0.0,
				253918.0
			],
			"source_node_id" : 16,
			"target_node_id" : 17,
			"transformation" : 
			[
				0.99999925486619801,
				0.0012110015754598633,
				0.00015408514907731119,
				0.0,
				-0.0012109430872118264,
				0.99999919494487011,
				-0.00037911271774786941,
				0.0,
				-0.00015454413112873919,
				0.00037892584691205059,
				0.99999991626565343,
				0.0,
				-0.00027704591806457267,
				-0.0053836380284587064,
				0.003172598025265312,
				1.0
			],
			"uncertain" : false,
			"version_major" : 1,
			"version_minor" : 0
		},
		{
			"class_name" : "PoseGraphEdge",
			"confidence" : 1.0,
			"information" : 
			[
				671773.29387881339,
				-4941.1457906729693,
				5287.876069296115,
				0.0,
				-394255.07659119368,
				-1839.1791145857424,
				-4941.1457906729693,
				688209.4989311531,
				9676.0753687016022,
				394255.07659119368,
				0.0,
				3521.3364535388537,
				5287.876069296115,
				9676.0753687016022,
				99150.9299005168,
				1839.1791145857424,
				-3521.3364535388537,
				0.0,
				0.0,
				394255.07659119368,
				1839.1791145857424,
				253123.0,
				0.0,
				0.0,
				-394255.07659119368,
				0.0,
				-3521.3364535388537,
				0.0,
				253123.0,
				0.0,
				-1839.1791145857424,
				3521.3364535388537,
				0.0,
				0.0,
				0.0,
				253123.0
			],
			"source_node_id" : 17,
			"target_node_id" : 18,
			"transformation" : 
			[
				0.99999909168778611,
				-0.00058614721930151062,
				-0.0012136947889872288,
				0.0,
				0.00058916452240541102,
				0.99999673339428163,
				0.0024871843381210831,
				0.0,
				0.0012122329681412086,
				-0.0024878971448918687,
				0.99999617042218103,
				0.0,
				0.00024276927044157982,
				-0.00030431729836092025,
				0.001882515812182713,
				1.0
			],
			"uncertain" : false,
			"version_major" : 1,
			"version_minor" : 0
		},
		{
			"class_name" : "PoseGraphEdge",
			"confidence" : 1.0,
			"information" : 
			[
				678301.14597437333,
				-4983.7400520248302,
				6503.7172219740723,
				0.0,
				-396633.97898346186,
				-1017.0602273058612,
				-4983.7400520248302,
				694783.5668253859,
				8607.1421107427759,
				396633.97898346186,
				0.0,
				4271.169014960411,
				6503.7172219740723,
				8607.1421107427759,
				99827.154544775578,
				1017.0602273058612,
				-4271.169014960411,
				0.0,
				0.0,
				396633.97898346186,
				1017.0602273058612,
				253720.0,
				0.0,
				0.0,
				-396633.97898346186,
				0.0,
				-4271.169014960411,
				0.0,
				253720.0,
				0.0,
				-1017.0602273058612,
				4271.169014960411,
				0.0,
				0.0,
				0.0,
				253720.0
			],
			"source_node_id" : 18,
			"target_node_id" : 19,
			"transformation" : 
			[
				0.99999351253620838,
				0.0004058354525353819,
				-0.0035791316099146216,
				0.0,
				-0.00042220200886739385,
				0.99998945372178905,
				-0.0045732035446862619,
				0.0,
				0.0035772378952668156,
				0.0045746849927495647,
				0.99998313767095925,
				0.0,
				-0.007565355673597278,
				-0.0069309517993606075,
				0.0062200093347842839,
				1.0
			],
			"uncertain" : false,
			"version_major" : 1,
			"version_minor" : 0
		},
		{
			"class_name" : "PoseGraphEdge",
			"confidence" : 1.0,
			"information" : 
			[
				679452.18533583591,
				-5146.779044539604,
				7281.6538612635532,
				0.0,
				-396371.11725568771,
				-1996.8345163004706,
				-5146.779044539604,
				695832.46271130594,
				10309.913538803234,
				396371.11725568771,
				0.0,
				4605.6151353816967,
				7281.6538612635532,
				10309.913538803234,
				100286.94538155342,
				1996.8345163004706,
				-4605.6151353816967,
				0.0,
				0.0,
				396371.11725568771,
				1996.8345163004706,
				253110.0,
				0.0,
				0.0,
				-396371.11725568771,
				0.0,
				-4605.6151353816967,
				0.0,
				253110.0,
				0.0,
				-1996.8345163004706,
				4605.6151353816967,
				0.0,
				0.0,
				0.0,
				253110.0
			],
			"source_node_id" : 19,
			"target_node_id" : 20,
			"transformation" : 
			[
				0.99999803083270711,
				-0.0014621073458174908,
				0.0013418542455868891,
				0.0,
				0.0014622269975843474,
				0.99999892705659066,
				-8.819225792176298e-05,
				0.0,
				-0.0013417238593050698,
				9.015417976117512e-05,
				0.99999909582424606,
				0.0,
				0.00024773095410214455,
				-0.0035521005641385322,
				0.0039835077542322364,
				1.0
			],
			"uncertain" : false,
			"version_major" : 1,
			"version_minor" : 0
		},
		{
			"class_name" : "PoseGraphEdge",
			"confidence" : 1.0,
			"information" : 
			[
				682865.02117784251,
				-5139.1253236892098,
				6903.0290800557477,
				0.0,
				-398156.16319781542,
				-2396.4818384707905,
				-5139.1253236892098,
				699324.24134814017,
				10902.695791964845,
				398156.16319781542,
				0.0,
				4294.0535358296474,
				6903.0290800557477,
				10902.695791964845,
				100448.66562976035,
				2396.4818384707905,
				-4294.0535358296474,
				0.0,
				0.0,
				398156.16319781542,
				2396.4818384707905,
				254072.0,
				0.0,
				0.0,
				-398156.16319781542,
				0.0,
				-4294.0535358296474,
				0.0,
				254072.0,
				0.0,
				-2396.4818384707905,
				4294.0535358296474,
				0.0,
				0.0,
				0.0,
				254072.0
			],
			"source_node_id" : 20,
			"target_node_id" : 21,
			"transformation" : 
			[
				0.99999261220413649,
				-0.0030902103351595081,
				-0.0022860746340135655,
				0.0,
				0.0030915048555983887,
				0.99999506283224504,
				0.00056294658965788961,
				0.0,
				0.0022843237239100894,
				-0.00057000984155472154,
				0.99999722847311168,
				0.0,
				-0.0038882602862707364,
				-0.0038982486147220979,
				0.0023871793456262261,
				1.0
			],
			"uncertain" : false,
			"version_major" : 1,
			"version_minor" : 0
		},
		{
			"class_name" : "PoseGraphEdge",
			"confidence" : 1.0,
			"information" : 
			[
				686632.82707455277,
				-5124.8757312431089,
				6751.9867025724652,
				0.0,
				-400034.21871620417,
				-1356.3182352057192,
				-5124.8757312431089,
				703119.58712966228,
				9405.42684640687,
				400034.21871620417,
				0.0,
				4183.2968997847056,
				6751.9867025724652,
				9405.42684640687,
				100907.85551772347,
				1356.3182352057192,
				-4183.2968997847056,
				0.0,
				0.0,
				400034.21871620417,
				1356.3182352057192,
				255161.0,
				0.0,
				0.0,
				-400034.21871620417,
				0.0,
				-4183.2968997847056,
				0.0,
				255161.0,
				0.0,
				-1356.3182352057192,
				4183.2968997847056,
				0.0,
				0.0,
				0.0,
				255161.0
			],
			"source_node_id" : 21,
			"target_node_id" : 22,
			"transformation" : 
			[
				0.99999906039064868,
				0.0010245445124106747,
				-0.00091078337820617848,
				0.0,
				-0.0010262292296886722,
				0.99999775994161788,
				-0.0018512064485198755,
				0.0,
				0.00090888469459006948,
				0.0018521393816336141,
				0.99999787175189625,
				0.0,
				-0.00083530006339008656,
				-0.0020402907209441986,
				0.0019532975101686843,
				1.0
			],
			"uncertain" : false,
			"version_major" : 1,
			"version_minor" : 0
		},
		{
			"class_name" : "PoseGraphEdge",
			"confidence" : 1.0,
			"information" : 
			[
				687949.74518201896,
				-5080.0454896451265,
				6876.9380075728977,
				0.0,
				-400048.48122358322,
				-1045.3584288469283,
				-5080.0454896451265,
				704559.07464624336,
				9129.2218079954,
				400048.48122358322,
				0.0,
				4257.6217909283005,
				6876.9380075728977,
				9129.2218079954,
				100676.52473027355,
				1045.3584288469283,
				-4257.6217909283005,
				0.0,
				0.0,
				400048.48122358322,
				1045.3584288469283,
				254601.0,
				0.0,
				0.0,
				-400048.48122358322,
				0.0,
				-4257.6217909283005,
				0.0,
				254601.0,
				0.0,
				-1045.3584288469283,
				4257.6217909283005,
				0.0,
				0.0,
				0.0,
				254601.0
			],
			"source_node_id" : 22,
			"target_node_id" : 23,
			"transformation" : 
			[
				0.99997492025456114,
				0.0070485211829599131,
				-0.00069080461549392964,
				0.0,
				-0.0070522003843811959,
				0.99996013539068729,
				-0.0054766868796058913,
				0.0,
				0.0006521745333544815,
				0.0054814212182680185,
				0.99998476422883842,
				0.0,
				0.0010155613815964401,
				-0.0045732999977043786,
				0.0039688850310618043,
				1.0
			],
			"uncertain" : false,
			"version_major" : 1,
			"version_minor" : 0
		},
		{
			"class_name" : "PoseGraphEdge",
			"confidence" : 1.0,
			"information" : 
			[
				694539.78374228743,
				-5253.8006991560205,
				5855.091654345234,
				0.0,
				-402628.1746724844,
				-2100.8792424431304,
				-5253.8006991560205,
				711046.58804060973,
				11043.319753899399,
				402628.1746724844,
				0.0,
				3507.3987864600495,
				5855.091654345234,
				11043.319753899399,
				101978.93957673399,
				2100.8792424431304,
				-3507.3987864600495,
				0.0,
				0.0,
				402628.1746724844,
				2100.8792424431304,
				255588.0,
				0.0,
				0.0,
				-402628.1746724844,
				0.0,
				-3507.3987864600495,
				0.0,
				255588.0,
				0.0,
				-2100.8792424431304,
				3507.3987864600495,
				0.0,
				0.0,
				0.0,
				255588.0
			],
			"source_node_id" : 23,
			"target_node_id" : 24,
			"transformation" : 
			[
				0.99999990061057398,
				5.154939236571753e-05,
				-0.00044285607461381316,
				0.0,
				-5.2248170573588815e-05,
				0.99999875355529155,
				-0.0015780234448237568,
				0.0,
				0.00044277417646848501,
				0.0015780464264046412,
				0.99999865685935008,
				0.0,
				0.0027071645448822064,
				-0.003138657131103294,
				0.0048181394478872992,
				1.0
			],
			"uncertain" : false,
			"version_major" : 1,
			"version_minor" : 0
		},
		{
			"class_name" : "PoseGraphEdge",
			"confidence" : 1.0,
			"information" : 
			[
				693182.88891269383,
				-5315.790221352624,
				4063.9767000927559,
				0.0,
				-399672.14466279745,
				-2550.178629794158,
				-5315.790221352624,
				709279.45032419043,
				11972.336125029544,
				399672.14466279745,
				0.0,
				2460.2290480997181,
				4063.9767000927559,
				11972.336125029544,
				101271.17110815985,
				2550.178629794158,
				-2460.2290480997181,
				0.0,
				0.0,
				399672.14466279745,
				2550.178629794158,
				252319.0,
				0.0,
				0.0,
				-399672.14466279745,
				0.0,
				-2460.2290480997181,
				0.0,
				252319.0,
				0.0,
				-2550.178629794158,
				2460.2290480997181,
				0.0,
				0.0,
				0.0,
				252319.0
			],
			"source_node_id" : 24,
			"target_node_id" : 25,
			"transformation" : 
			[
				0.99997191542777364,
				-0.0035778832754750499,
				-0.0065853706786804262,
				0.0,
				0.0035641943342127774,
				0.9999914657338822,
				-0.0020892530122884542,
				0.0,
				0.0065927895807854665,
				0.0020657227956496879,
				0.99997613367263638,
				0.0,
				-4.9660275631908935e-05,
				-0.0063390194329911867,
				0.006796674057940497,
				1.0
			],
			"uncertain" : false,
			"version_major" : 1,
			"version_minor" : 0
		},
		{
			"class_name" : "PoseGraphEdge",
			"confidence" : 1.0,
			"information" : 
			[
				697536.41281206207,
				-5340.1741569642563,
				1248.0168138582308,
				0.0,
				-399055.98769265413,
				-540.25095138337929,
				-5340.1741569642563,
				714122.34550656553,
				9500.2658617130655,
				399055.98769265413,
				0.0,
				1005.2411191312131,
				1248.0168138582308,
				9500.2658617130655,
				100266.72092345948,
				540.25095138337929,
				-1005.2411191312131,
				0.0,
				0.0,
				399055.98769265413,
				540.25095138337929,
				249697.0,
				0.0,
				0.0,
				-399055.98769265413,
				0.0,
				-1005.2411191312131,
				0.0,
				249697.0,
				0.0,
				-540.25095138337929,
				1005.2411191312131,
				0.0,
				0.0,
				0.0,
				249697.0
			],
			"source_node_id" : 25,
			"target_node_id" : 26,
			"transformation" : 
			[
				0.99991153273391253,
				0.0071569990152088175,
				-0.011211782677764251,
				0.0,
				-0.0073372491520830065,
				0.99984315782134914,
				-0.016119073568708221,
				0.0,
				0.011094660003685173,
				0.016199911201283505,
				0.99980721711561638,
				0.0,
				0.001701803160647963,
				-0.015045762676316748,
				0.013928193740443656,
				1.0
			],
			"uncertain" : false,
			"version_major" : 1,
			"version_minor" : 0
		},
		{
			"class_name" : "PoseGraphEdge",
			"confidence" : 1.0,
			"information" : 
			[
				711526.16203363054,
				-6212.2081435457421,
				4981.033351391201,
				0.0,
				-405884.16228145361,
				-3870.3828802723438,
				-6212.2081435457421,
				729256.117957043,
				15560.03128952569,
				405884.16228145361,
				0.0,
				3552.0789052196778,
				4981.033351391201,
				15560.03128952569,
				104853.36639875291,
				3870.3828802723438,
				-3552.0789052196778,
				0.0,
				0.0,
				405884.16228145361,
				3870.3828802723438,
				253793.0,
				0.0,
				0.0,
				-405884.16228145361,
				0.0,
				-3552.0789052196778,
				0.0,
				253793.0,
				0.0,
				-3870.3828802723438,
				3552.0789052196778,
				0.0,
				0.0,
				0.0,
				253793.0
			],
			"source_node_id" : 26,
			"target_node_id" : 27,
			"transformation" : 
			[
				0.99999467278565313,
				-0.00022326784694375192,
				-0.0032564630786656068,
				0.0,
				0.00022727507622918264,
				0.99999921744179343,
				0.0012302283691519404,
				0.0,
				0.0032561858598544728,
				-0.0012309619283561624,
				0.99999394097483263,
				0.0,
				-0.0015328854191459934,
				-0.0029051361219331736,
				0.0022722188489809341,
				1.0
			],
			"uncertain" : false,
			"version_major" : 1,
			"version_minor" : 0
		},
		{
			"class_name" : "PoseGraphEdge",
			"confidence" : 1.0,
			"information" : 
			[
				713464.09377099283,
				-6298.6596471829153,
				4668.6473065681894,
				0.0,
				-406630.36986297369,
				-3634.0495882047107,
				-6298.6596471829153,
				731162.96771644393,
				15370.600099232768,
				406630.36986297369,
				0.0,
				3463.8763768468052,
				4668.6473065681894,
				15370.600099232768,
				105592.54138557686,
				3634.0495882047107,
				-3463.8763768468052,
				0.0,
				0.0,
				406630.36986297369,
				3634.0495882047107,
				254240.0,
				0.0,
				0.0,
				-406630.36986297369,
				0.0,
				-3463.8763768468052,
				0.0,
				254240.0,
				0.0,
				-3634.0495882047107,
				3463.8763768468052,
				0.0,
				0.0,
				0.0,
				254240.0
			],
			"source_node_id" : 27,
			"target_node_id" : 28,
			"transformation" : 
			[
				0.99999960519960662,
				0.00065159208837129064,
				-0.00060417578666171958,
				0.0,
				-0.00065225565431087146,
				0.99999918365114793,
				-0.0010987536573012519,
				0.0,
				0.00060345935425334756,
				0.0010991473005859214,
				0.99999921385570067,
				0.0,
				0.00087021858628306395,
				-0.0049985593888357957,
				0.0015426192546288766,
				1.0
			],
			"uncertain" : false,
			"version_major" : 1,
			"version_minor" : 0
		},
		{
			"class_name" : "PoseGraphEdge",
			"confidence" : 1.0,
			"information" : 
			[
				710657.72964186454,
				-6589.8817657869276,
				4833.5906605848495,
				0.0,
				-404695.94355738163,
				-3313.7193625129294,
				-6589.8817657869276,
				728705.64686663495,
				14942.852780215733,
				404695.94355738163,
				0.0,
				3585.0273103392683,
				4833.5906605848495,
				14942.852780215733,
				105564.96351283409,
				3313.7193625129294,
				-3585.0273103392683,
				0.0,
				0.0,
				404695.94355738163,
				3313.7193625129294,
				252904.0,
				0.0,
				0.0,
				-404695.94355738163,
				0.0,
				-3585.0273103392683,
				0.0,
				252904.0,
				0.0,
				-3313.7193625129294,
				3585.0273103392683,
				0.0,
				0.0,
				0.0,
				252904.0
			],
			"source_node_id" : 28,
			"target_node_id" : 29,
			"transformation" : 
			[
				0.99999963335999775,
				0.00015038169340343102,
				-0.00084300961765607617,
				0.0,
				-0.00014919044375134771,
				0.99999899061967035,
				0.0014129762389392616,
				0.0,
				0.00084322125249829496,
				-0.0014128499519067016,
				0.99999864641555036,
				0.0,
				0.00079964150958374643,
				0.00058061922468270852,
				0.0014365144338861963,
				1.0
			],
			"uncertain" : false,
			"version_major" : 1,
			"version_minor" : 0
		},
		{
			"class_name" : "PoseGraphEdge",
			"confidence" : 1.0,
			"information" : 
			[
				717018.15501840494,
				-6554.0408537428257,
				4712.3184837899371,
				0.0,
				-407785.35141772032,
				-2969.9512700493215,
				-6554.0408537428257,
				735173.73958864901,
				14601.07992338554,
				407785.35141772032,
				0.0,
				3579.2751328530721,
				4712.3184837899371,
				14601.07992338554,
				106097.96562420488,
				2969.9512700493215,
				-3579.2751328530721,
				0.0,
				0.0,
				407785.35141772032,
				2969.9512700493215,
				254482.0,
				0.0,
				0.0,
				-407785.35141772032,
				0.0,
				-3579.2751328530721,
				0.0,
				254482.0,
				0.0,
				-2969.9512700493215,
				3579.2751328530721,
				0.0,
				0.0,
				0.0,
				254482.0
			],
			"source_node_id" : 29,
			"target_node_id" : 30,
			"transformation" : 
			[
				0.99999926517050231,
				-0.00034710612829797865,
				-0.0011615402664286512,
				0.0,
				0.0003460895270694064,
				0.99999955703166177,
				-0.00087530481527343322,
				0.0,
				0.001161843575568597,
				0.00087490217515215438,
				0.99999894233228548,
				0.0,
				-0.00040501395457752051,
				8.6473280648818689e-05,
				0.0011524103237818282,
				1.0
			],
			"uncertain" : false,
			"version_major" : 1,
			"version_minor" : 0
		},
		{
			"class_name" : "PoseGraphEdge",
			"confidence" : 1.0,
			"information" : 
			[
				715659.03403550596,
				-6462.5827704122894,
				4187.4189310906959,
				0.0,
				-406492.52692437172,
				-2566.1709997557336,
				-6462.5827704122894,
				733971.59186702094,
				14047.514993517711,
				406492.52692437172,
				0.0,
				3251.7783848707331,
				4187.4189310906959,
				14047.514993517711,
				105721.23083298653,
				2566.1709997557336,
				-3251.7783848707331,
				0.0,
				0.0,
				406492.52692437172,
				2566.1709997557336,
				253332.0,
				0.0,
				0.0,
				-406492.52692437172,
				0.0,
				-3251.7783848707331,
				0.0,
				253332.0,
				0.0,
				-2566.1709997557336,
				3251.7783848707331,
				0.0,
				0.0,
				0.0,
				253332.0
			],
			"source_node_id" : 30,
			"target_node_id" : 31,
			"transformation" : 
			[
				0.99999760118958458,
				0.00022012766079669352,
				-0.0021792564992040449,
				0.0,
				-0.00022981046765314464,
				0.99999009934543559,
				-0.0044439169947080304,
				0.0,
				0.0021782566940854137,
				0.0044444071505488686,
				0.99998775114641059,
				0.0,
				-0.00043387070329719288,
				-0.0036215285660991122,
				0.0023178380045977215,
				1.0
			],
			"uncertain" : false,
			"version_major" : 1,
			"version_minor" : 0
		},
		{
			"class_name" : "PoseGraphEdge",
			"confidence" : 1.0,
			"information" : 
			[
				722333.74303293345,
				-6559.4385619786426,
				4471.7363397845047,
				0.0,
				-409460.47390848398,
				-3119.0772549618268,
				-6559.4385619786426,
				740665.4008675667,
				15253.084248033274,
				409460.47390848398,
				0.0,
				3420.8505611411529,
				4471.7363397845047,
				15253.084248033274,
				106815.13524680704,
				3119.0772549618268,
				-3420.8505611411529,
				0.0,
				0.0,
				409460.47390848398,
				3119.0772549618268,
