{
	"class_name" : "PoseGraph",
	"edges" : 
	[
		{
			"class_name" : "PoseGraphEdge",
			"confidence" : 1.0,
			"information" : 
			[
				6050.2439548868952,
				-55.972123785392121,
				107.92166834709388,
				0.0,
				-3520.8403139951301,
				-232.65258281338885,
				-55.972123785392121,
				6178.3705528379714,
				419.99714366883558,
				3520.8403139951301,
				0.0,
				69.560961124377641,
				107.92166834709388,
				419.99714366883558,
				931.49542264214858,
				232.65258281338885,
				-69.560961124377641,
				0.0,
				0.0,
				3520.8403139951301,
				232.65258281338885,
				2245.0,
				0.0,
				0.0,
				-3520.8403139951301,
				0.0,
				-69.560961124377641,
				0.0,
				2245.0,
				0.0,
				-232.65258281338885,
				69.560961124377641,
				0.0,
				0.0,
				0.0,
				2245.0
			],
			"source_node_id" : 0,
			"target_node_id" : 1,
			"transformation" : 
			[
				0.9939072974961537,
				0.033871929215403287,
				-0.10488553949479365,
				0.0,
				-0.03561429735182696,
				0.9992562587675905,
				-0.01478347516370929,
				0.0,
				0.10430678697008712,
				0.018428828639038018,
				0.99437441261677173,
				0.0,
				0.082581086704544199,
				-0.1924013963458221,
				0.060119363321661012,
				1.0
			],
			"uncertain" : false,
			"version_major" : 1,
			"version_minor" : 0
		},
		{
			"class_name" : "PoseGraphEdge",
			"confidence" : 0.80888110367900046,
			"information" : 
			[
				10932.395252806698,
				-167.91392467127443,
				688.19128874762987,
				0.0,
				-5786.8964746727479,
				-783.27728971681688,
				-167.91392467127443,
				10981.799680056985,
				1538.1510908799746,
				5786.8964746727479,
				0.0,
				388.46531299942387,
				688.19128874762987,
				1538.1510908799746,
				1773.0444186839284,
				783.27728971681688,
				-388.46531299942387,
				0.0,
				0.0,
				5786.8964746727479,
				783.27728971681688,
				3404.0,
				0.0,
				0.0,
				-5786.8964746727479,
				0.0,
				-388.46531299942387,
				0.0,
				3404.0,
				0.0,
				-783.27728971681688,
				388.46531299942387,
				0.0,
				0.0,
				0.0,
				3404.0
			],
			"source_node_id" : 0,
			"target_node_id" : 2,
			"transformation" : 
			[
				0.98853254962292159,
				0.019311419176306646,
				-0.14976804540823954,
				0.0,
				-0.051533794857496346,
				0.97539082499529284,
				-0.21437585335710868,
				0.0,
				0.14194247540321758,
				0.2196356246249685,
				0.9652007698256404,
				0.0,
				-0.027260149074782053,
				-0.53709438509040797,
				0.20720181248578329,
				1.0
			],
			"uncertain" : true,
			"version_major" : 1,
			"version_minor" : 0
		},
		{
			"class_name" : "PoseGraphEdge",
			"confidence" : 0.93844083786037436,
			"information" : 
			[
				11058.573739008325,
				451.09210047042291,
				-2460.6254478385936,
				0.0,
				-5551.8404157938712,
				-1064.3343329933159,
				451.09210047042291,
				11303.882810586458,
				2003.9351939214923,
				5551.8404157938712,
				0.0,
				-1403.0350257722655,
				-2460.6254478385936,
				2003.9351939214923,
				2382.1515914276983,
				1064.3343329933159,
				1403.0350257722655,
				0.0,
				0.0,
				5551.8404157938712,
				1064.3343329933159,
				3122.0,
				0.0,
				0.0,
				-5551.8404157938712,
				0.0,
				1403.0350257722655,
				0.0,
				3122.0,
				0.0,
				-1064.3343329933159,
				-1403.0350257722655,
				0.0,
				0.0,
				0.0,
				3122.0
			],
			"source_node_id" : 0,
			"target_node_id" : 3,
			"transformation" : 
			[
				0.92774574625079076,
				0.11528102623140118,
				-0.35496213221215434,
				0.0,
				-0.12348155461936153,
				0.99234676430346069,
				-0.00045281920984491242,
				0.0,
				0.35219332188778041,
				0.044251377012313825,
				0.93488056972544098,
				0.0,
				0.27037520194740183,
				-0.33671041306471461,
				0.21190283319379866,
				1.0
			],
			"uncertain" : true,
			"version_major" : 1,
			"version_minor" : 0
		},
		{
			"class_name" : "PoseGraphEdge",
			"confidence" : 0.88950419811206127,
			"information" : 
			[
				9988.5951037917803,
				-109.14927630602047,
				-2597.9368715821888,
				0.0,
				-5024.1699856570986,
				104.40921278770972,
				-109.14927630602047,
				10518.770092510425,
				-99.198345772806618,
				5024.1699856570986,
				0.0,
				-1342.5279868024838,
				-2597.9368715821888,
				-99.198345772806618,
				1809.202338914708,
				-104.40921278770972,
				1342.5279868024838,
				0.0,
				0.0,
				5024.1699856570986,
				-104.40921278770972,
				2740.0,
				0.0,
				0.0,
				-5024.1699856570986,
				0.0,
				1342.5279868024838,
				0.0,
				2740.0,
				0.0,
				104.40921278770972,
				-1342.5279868024838,
				0.0,
				0.0,
				0.0,
				2740.0
			],
			"source_node_id" : 0,
			"target_node_id" : 4,
			"transformation" : 
			[
				0.9942010931357872,
				0.082273830419611338,
				-0.069247405985290444,
				0.0,
				-0.08534977413275037,
				0.99543586113526872,
				-0.042694992930970344,
				0.0,
				0.065418670600181583,
				0.048357659103518802,
				0.99668547413059749,
				0.0,
				0.83964581467024191,
				0.075247923339280945,
				0.27350819718790076,
				1.0
			],
			"uncertain" : true,
			"version_major" : 1,
			"version_minor" : 0
		},
		{
			"class_name" : "PoseGraphEdge",
			"confidence" : 0.66374587321605938,
			"information" : 
			[
				9017.9580110395164,
				1443.544734893469,
				-3375.5410299233531,
				0.0,
				-3832.1709543721222,
				-1645.0468527774296,
				1443.544734893469,
				9179.978063736371,
				3161.9181543985501,
				3832.1709543721222,
				0.0,
				-1821.749930613086,
				-3375.5410299233531,
				3161.9181543985501,
				3563.0151948462335,
				1645.0468527774296,
				1821.749930613086,
				0.0,
				0.0,
				3832.1709543721222,
				1645.0468527774296,
				2035.0,
				0.0,
				0.0,
				-3832.1709543721222,
				0.0,
				1821.749930613086,
				0.0,
				2035.0,
				0.0,
				-1645.0468527774296,
				-1821.749930613086,
				0.0,
				0.0,
				0.0,
				2035.0
			],
			"source_node_id" : 0,
			"target_node_id" : 13,
			"transformation" : 
			[
				0.62735591780193234,
				0.34719472508639382,
				-0.69705119989214481,
				0.0,
				-0.24691500943911113,
				0.93760970838595648,
				0.24478768934341016,
				0.0,
				0.73855096676707366,
				0.018543398086263652,
				0.67394258796639028,
				0.0,
				0.17980776573255697,
				-0.74238306714689739,
				0.47691474496119801,
				1.0
			],
			"uncertain" : true,
			"version_major" : 1,
			"version_minor" : 0
		},
		{
			"class_name" : "PoseGraphEdge",
			"confidence" : 1.0,
			"information" : 
			[
				8186.3253051695256,
				-47.969158597189796,
				348.01306732839231,
				0.0,
				-4577.6714129295251,
				-149.49253999537342,
				-47.969158597189796,
				8278.6539376977053,
				422.17494989125333,
				4577.6714129295251,
				0.0,
				220.70508674091025,
				348.01306732839231,
				422.17494989125333,
				1181.7006789161071,
				149.49253999537342,
				-220.70508674091025,
				0.0,
				0.0,
				4577.6714129295251,
				149.49253999537342,
				2839.0,
				0.0,
				0.0,
				-4577.6714129295251,
				0.0,
				-220.70508674091025,
				0.0,
				2839.0,
				0.0,
				-149.49253999537342,
				220.70508674091025,
				0.0,
				0.0,
				0.0,
				2839.0
			],
			"source_node_id" : 1,
			"target_node_id" : 2,
			"transformation" : 
			[
				0.99733292774439875,
				-0.00024104169985470156,
				-0.072986116047390762,
				0.0,
				-0.015814572917491027,
				0.97552411897688163,
				-0.21932303248363344,
				0.0,
				0.071252582551241922,
				0.21989232636287728,
				0.97291851369295423,
				0.0,
				-0.13826706016079096,
				-0.41193643142055852,
				0.10105761163920512,
				1.0
			],
			"uncertain" : false,
			"version_major" : 1,
			"version_minor" : 0
		},
		{
			"class_name" : "PoseGraphEdge",
			"confidence" : 0.95146690052170912,
			"information" : 
			[
				10157.383073555518,
				214.40202359610225,
				-2304.088283930359,
				0.0,
				-5339.8875903243061,
				-545.63297508668472,
				214.40202359610225,
				10533.536495192056,
				1083.262786169096,
				5339.8875903243061,
				0.0,
				-1320.9836196280783,
				-2304.088283930359,
				1083.262786169096,
				1911.7372645786165,
				545.63297508668472,
				1320.9836196280783,
				0.0,
				0.0,
				5339.8875903243061,
				545.63297508668472,
				3091.0,
				0.0,
				0.0,
				-5339.8875903243061,
				0.0,
				1320.9836196280783,
				0.0,
				3091.0,
				0.0,
				-545.63297508668472,
				-1320.9836196280783,
				0.0,
				0.0,
				0.0,
				3091.0
			],
			"source_node_id" : 1,
			"target_node_id" : 3,
			"transformation" : 
			[
				0.96380840459850936,
				0.091721217859422249,
				-0.25032094882302608,
				0.0,
				-0.094316515144452412,
				0.99554091982248694,
				0.0016346039285397851,
				0.0,
				0.2493546755051565,
				0.0220339545561241,
				0.96816153127994942,
				0.0,
				0.17220771992500006,
				-0.17996458399629109,
				0.14863626339071145,
				1.0
			],
			"uncertain" : true,
			"version_major" : 1,
			"version_minor" : 0
		},
		{
			"class_name" : "PoseGraphEdge",
			"confidence" : 0.93435433874488405,
			"information" : 
			[
				8845.2229890725703,
				-351.27166984164785,
				-2340.4746544168688,
				0.0,
				-4535.5107595030449,
				508.71124481912881,
				-351.27166984164785,
				9266.6097130205144,
				-805.58750697071116,
				4535.5107595030449,
				0.0,
				-1250.8623186633608,
				-2340.4746544168688,
				-805.58750697071116,
				1623.7277423756843,
				-508.71124481912881,
				1250.8623186633608,
				0.0,
				0.0,
				4535.5107595030449,
				-508.71124481912881,
				2550.0,
				0.0,
				0.0,
				-4535.5107595030449,
				0.0,
				1250.8623186633608,
				0.0,
				2550.0,
				0.0,
				508.71124481912881,
				-1250.8623186633608,
				0.0,
				0.0,
				0.0,
				2550.0
			],
			"source_node_id" : 1,
			"target_node_id" : 4,
			"transformation" : 
			[
				0.99580931312604204,
				0.064571217468733955,
				0.06476395421874509,
				0.0,
				-0.061623259334147931,
				0.99701434689304813,
				-0.046529195119479262,
				0.0,
				-0.067575038294317935,
				0.042343239885909323,
				0.99681526083597183,
				0.0,
				0.77434376518646786,
				0.22093722665357943,
				0.18516171721490204,
				1.0
			],
			"uncertain" : true,
			"version_major" : 1,
			"version_minor" : 0
		},
		{
			"class_name" : "PoseGraphEdge",
			"confidence" : 0.69103714219908563,
			"information" : 
			[
				7547.4647061405894,
				422.22423007241986,
				-2976.34115318964,
				0.0,
				-3457.0308562104842,
				-521.62326012368248,
				422.22423007241986,
				8484.8025479362605,
				1141.3898056163871,
				3457.0308562104842,
				0.0,
				-1461.3242277160789,
				-2976.34115318964,
				1141.3898056163871,
				1835.6760570500492,
				521.62326012368248,
				1461.3242277160789,
				0.0,
				0.0,
				3457.0308562104842,
				521.62326012368248,
				1708.0,
				0.0,
				0.0,
				-3457.0308562104842,
				0.0,
				1461.3242277160789,
				0.0,
				1708.0,
				0.0,
				-521.62326012368248,
				-1461.3242277160789,
				0.0,
				0.0,
				0.0,
				1708.0
			],
			"source_node_id" : 1,
			"target_node_id" : 5,
			"transformation" : 
			[
				0.93666960604313965,
				0.083834074543003678,
				-0.340032200034802,
				0.0,
				-0.10033498448113334,
				0.99446424382674459,
				-0.031205105980783132,
				0.0,
				0.33553381350343858,
				0.063345999839132028,
				0.93989592205744832,
				0.0,
				0.72069804812824212,
				-0.30395217243812145,
				0.42985147610457197,
				1.0
			],
			"uncertain" : true,
			"version_major" : 1,
			"version_minor" : 0
		},
		{
			"class_name" : "PoseGraphEdge",
			"confidence" : 0.91521904093285222,
			"information" : 
			[
				10703.195907253474,
				1512.8127969043617,
				-4114.5335307062396,
				0.0,
				-4744.994428809272,
				-1722.216882465834,
				1512.8127969043617,
				11230.375446033866,
				3281.906583462297,
				4744.994428809272,
				0.0,
				-2212.1664401327803,
				-4114.5335307062396,
				3281.906583462297,
				3953.7355535807064,
				1722.216882465834,
				2212.1664401327803,
				0.0,
				0.0,
				4744.994428809272,
				1722.216882465834,
				2540.0,
				0.0,
				0.0,
				-4744.994428809272,
				0.0,
				2212.1664401327803,
				0.0,
				2540.0,
				0.0,
				-1722.216882465834,
				-2212.1664401327803,
				0.0,
				0.0,
				0.0,
				2540.0
			],
			"source_node_id" : 1,
			"target_node_id" : 13,
			"transformation" : 
			[
				0.7343245696205839,
				0.37266685660439636,
				-0.56735072084218263,
				0.0,
				-0.2814506475116022,
				0.92774294794334222,
				0.24510927268607785,
				0.0,
				0.61769973244841647,
				-0.020308533428011616,
				0.78615176906444706,
				0.0,
				0.13082367021917174,
				-0.60464929451371885,
				0.46930986351505033,
				1.0
			],
			"uncertain" : true,
			"version_major" : 1,
			"version_minor" : 0
		},
		{
			"class_name" : "PoseGraphEdge",
			"confidence" : 1.0,
			"information" : 
			[
				9865.9854421330656,
				-4.0335812651164655,
				-978.40523139579489,
				0.0,
				-5041.525361381553,
				-698.68269349108107,
				-4.0335812651164655,
				10130.626413143036,
				1417.7481706561005,
				5041.525361381553,
				0.0,
				-555.8487129139728,
				-978.40523139579489,
				1417.7481706561005,
				2167.2293056583849,
				698.68269349108107,
				555.8487129139728,
				0.0,
				0.0,
				5041.525361381553,
				698.68269349108107,
				2930.0,
				0.0,
				0.0,
				-5041.525361381553,
				0.0,
				555.8487129139728,
				0.0,
				2930.0,
				0.0,
				-698.68269349108107,
				-555.8487129139728,
				0.0,
				0.0,
				0.0,
				2930.0
			],
			"source_node_id" : 2,
			"target_node_id" : 3,
			"transformation" : 
			[
				0.97457254526555326,
				0.081851682254533251,
				-0.20858728658940609,
				0.0,
				-0.033290501930694015,
				0.97345348838996937,
				0.22645098459179117,
				0.0,
				0.22158541580128935,
				-0.21374893696458847,
				0.95142592746397747,
				0.0,
				0.21977161282000429,
				0.27551923277374085,
				0.1429350718608946,
				1.0
			],
			"uncertain" : false,
			"version_major" : 1,
			"version_minor" : 0
		},
		{
			"class_name" : "PoseGraphEdge",
			"confidence" : 0.94189444980139381,
			"information" : 
			[
				12720.210614160584,
				-404.2462384486094,
				-672.17643334871059,
				0.0,
				-6908.9542908513722,
				506.12375284074574,
				-404.2462384486094,
				14285.782977641635,
				-541.91856892366889,
				6908.9542908513722,
				0.0,
				-23.787484791153727,
				-672.17643334871059,
				-541.91856892366889,
				3558.1887502463674,
				-506.12375284074574,
				23.787484791153727,
				0.0,
				0.0,
				6908.9542908513722,
				-506.12375284074574,
				4307.0,
				0.0,
				0.0,
				-6908.9542908513722,
				0.0,
				23.787484791153727,
				0.0,
				4307.0,
				0.0,
				506.12375284074574,
				-23.787484791153727,
				0.0,
				0.0,
				0.0,
				4307.0
			],
			"source_node_id" : 2,
			"target_node_id" : 4,
			"transformation" : 
			[
				0.99298138009548575,
				0.020805556391891078,
				0.11642640425130571,
				0.0,
				-0.044469009781203495,
				0.97785060838173921,
				0.20452553595221767,
				0.0,
				-0.10959236265700202,
				-0.20826741586404368,
				0.97191264912880437,
				0.0,
				0.88850366973485939,
				0.68829149273197654,
				0.18706920034519747,
				1.0
			],
			"uncertain" : true,
			"version_major" : 1,
			"version_minor" : 0
		},
		{
			"class_name" : "PoseGraphEdge",
			"confidence" : 0.90042068329998426,
			"information" : 
			[
				14676.160992883906,
				-1.3509675230610685,
				-1904.0451934180594,
				0.0,
				-6555.0487983916473,
				-1254.148583720561,
				-1.3509675230610685,
				15383.405602838022,
				2843.7695074749336,
				6555.0487983916473,
				0.0,
				-988.98709366883111,
				-1904.0451934180594,
				2843.7695074749336,
				2926.3729036484042,
				1254.148583720561,
				988.98709366883111,
				0.0,
				0.0,
				6555.0487983916473,
				1254.148583720561,
				3267.0,
				0.0,
				0.0,
				-6555.0487983916473,
				0.0,
				988.98709366883111,
				0.0,
				3267.0,
				0.0,
				-1254.148583720561,
				-988.98709366883111,
				0.0,
				0.0,
				0.0,
				3267.0
			],
			"source_node_id" : 2,
			"target_node_id" : 5,
			"transformation" : 
			[
				0.97098041224048492,
				0.10729637447716539,
				-0.21373939054220334,
				0.0,
				-0.058955992521810746,
				0.97351837754476633,
				0.22087589168665275,
				0.0,
				0.23177840708544203,
				-0.20186494645346811,
				0.95159303980339893,
				0.0,
				0.86981416131966838,
				0.21722677935105938,
				0.41246345764873138,
				1.0
			],
			"uncertain" : true,
			"version_major" : 1,
			"version_minor" : 0
		},
		{
			"class_name" : "PoseGraphEdge",
			"confidence" : 0.85738552392397471,
			"information" : 
			[
				3959.9652900160936,
				-7.9317934378840071,
				-3420.5636684305655,
				0.0,
				-2498.9256797054845,
				-55.150361997769252,
				-7.9317934378840071,
				7385.0857302126824,
				321.43896648574713,
				2498.9256797054845,
				0.0,
				-2608.3183149280626,
				-3420.5636684305655,
				321.43896648574713,
				4305.9402643089434,
				55.150361997769252,
				2608.3183149280626,
				0.0,
				0.0,
				2498.9256797054845,
				55.150361997769252,
				1907.0,
				0.0,
				0.0,
				-2498.9256797054845,
				0.0,
				2608.3183149280626,
				0.0,
				1907.0,
				0.0,
				-55.150361997769252,
				-2608.3183149280626,
				0.0,
				0.0,
				0.0,
				1907.0
			],
			"source_node_id" : 2,
			"target_node_id" : 12,
			"transformation" : 
			[
				0.42193749636448319,
				0.4695730809067834,
				-0.77554488641817754,
				0.0,
				-0.18736860564021057,
				0.88211662225737775,
				0.43216116248186731,
				0.0,
				0.88705228413105142,
				-0.037032234943994213,
				0.46018133251245397,
				0.0,
				0.69600637765369011,
				0.14667524542412813,
				0.15214014132071646,
				1.0
			],
			"uncertain" : true,
			"version_major" : 1,
			"version_minor" : 0
		},
		{
			"class_name" : "PoseGraphEdge",
			"confidence" : 0.77255645615931978,
			"information" : 
			[
				21890.194585994508,
				942.44330748462971,
				-3366.1249456376904,
				0.0,
				-8564.4506033908074,
				-3484.3688287161044,
				942.44330748462971,
				20071.301258801217,
				7610.6583854863047,
				8564.4506033908074,
				0.0,
				-1900.544409112777,
				-3366.1249456376904,
				7610.6583854863047,
				6885.7953501788807,
				3484.3688287161044,
				1900.544409112777,
				0.0,
				0.0,
				8564.4506033908074,
				3484.3688287161044,
				4355.0,
				0.0,
				0.0,
				-8564.4506033908074,
				0.0,
				1900.544409112777,
				0.0,
				4355.0,
				0.0,
				-3484.3688287161044,
				-1900.544409112777,
				0.0,
				0.0,
				0.0,
				4355.0
			],
			"source_node_id" : 2,
			"target_node_id" : 13,
			"transformation" : 
			[
				0.77509985687134375,
				0.34975303596631607,
				-0.52620625776435559,
				0.0,
				-0.13327197948165853,
				0.90457975962341564,
				0.40493707901930143,
				0.0,
				0.61762350292315071,
				-0.24373812240186865,
				0.74775192164577431,
				0.0,
				0.07670530941889464,
				-0.17887101981333048,
				0.53509549486921859,
				1.0
			],
			"uncertain" : true,
			"version_major" : 1,
			"version_minor" : 0
		},
		{
			"class_name" : "PoseGraphEdge",
			"confidence" : 1.0,
			"information" : 
			[
				8262.3577652319418,
				-211.29859516589332,
				-1295.7419266266782,
				0.0,
				-4343.8523774075793,
				346.24698975063978,
				-211.29859516589332,
				8658.3161632346309,
				-426.30630640227827,
				4343.8523774075793,
				0.0,
				-625.40082985195716,
				-1295.7419266266782,
				-426.30630640227827,
				1613.5809206427102,
				-346.24698975063978,
				625.40082985195716,
				0.0,
				0.0,
				4343.8523774075793,
				-346.24698975063978,
				2565.0,
				0.0,
				0.0,
				-4343.8523774075793,
				0.0,
				625.40082985195716,
				0.0,
				2565.0,
				0.0,
				346.24698975063978,
				-625.40082985195716,
				0.0,
				0.0,
				0.0,
				2565.0
			],
			"source_node_id" : 3,
			"target_node_id" : 4,
			"transformation" : 
			[
				0.94649218641479638,
				-0.058009803232552289,
				0.31747031953343596,
				0.0,
				0.063934518378294239,
				0.9979198571734208,
				-0.0082665602712665171,
				0.0,
				-0.31633039439086169,
				0.028121546684054002,
				0.94823217631370316,
				0.0,
				0.69377608041486094,
				0.41989992585737324,
				-0.015393628781356737,
				1.0
			],
			"uncertain" : false,
			"version_major" : 1,
			"version_minor" : 0
		},
		{
			"class_name" : "PoseGraphEdge",
			"confidence" : 0.92239448122650769,
			"information" : 
			[
				11787.42447656691,
				409.44276194191622,
				-2938.2841596584803,
				0.0,
				-5331.2695816666974,
				-973.8073238666301,
				409.44276194191622,
				12375.505796571415,
				2183.6072963331221,
				5331.2695816666974,
				0.0,
				-1456.9291009766539,
				-2938.2841596584803,
				2183.6072963331221,
				2246.6499970924419,
				973.8073238666301,
				1456.9291009766539,
				0.0,
				0.0,
				5331.2695816666974,
				973.8073238666301,
				2662.0,
				0.0,
				0.0,
				-5331.2695816666974,
				0.0,
				1456.9291009766539,
				0.0,
				2662.0,
				0.0,
				-973.8073238666301,
				-1456.9291009766539,
				0.0,
				0.0,
				0.0,
				2662.0
			],
			"source_node_id" : 3,
			"target_node_id" : 5,
			"transformation" : 
			[
				0.99888753081831227,
				0.038327852234433274,
				-0.027471376354138308,
				0.0,
				-0.039548015774470396,
				0.99818839545148297,
				-0.045341830954388596,
				0.0,
				0.025683754086923041,
				0.046377827990210452,
				0.99859373212879388,
				0.0,
				0.57064539021752414,
				-0.14638464176699836,
				0.24784150406342009,
				1.0
			],
			"uncertain" : true,
			"version_major" : 1,
			"version_minor" : 0
		},
		{
			"class_name" : "PoseGraphEdge",
			"confidence" : 0.8530228205701863,
			"information" : 
			[
				14583.223166688535,
				1474.7540320034907,
				-3772.6630533953994,
				0.0,
				-5970.2319068407432,
				-2521.6918590460614,
				1474.7540320034907,
				13826.685810548197,
				5112.1659528013042,
				5970.2319068407432,
				0.0,
				-2018.9773351729259,
				-3772.6630533953994,
				5112.1659528013042,
				4874.6817792512647,
				2521.6918590460614,
				2018.9773351729259,
				0.0,
				0.0,
				5970.2319068407432,
				2521.6918590460614,
				3096.0,
				0.0,
				0.0,
				-5970.2319068407432,
				0.0,
				2018.9773351729259,
				0.0,
				3096.0,
				0.0,
				-2521.6918590460614,
				-2018.9773351729259,
				0.0,
				0.0,
				0.0,
				3096.0
			],
			"source_node_id" : 3,
			"target_node_id" : 13,
			"transformation" : 
			[
				0.90573552580436845,
				0.21720235865497212,
				-0.36395919096871482,
				0.0,
				-0.14606098924663752,
				0.96606375116308474,
				0.21304228713803169,
				0.0,
				0.39788106855714828,
				-0.13979972848123384,
				0.90672305099208494,
				0.0,
				-0.092569639289928451,
				-0.43018609638670313,
				0.41712068437020133,
				1.0
			],
			"uncertain" : true,
			"version_major" : 1,
			"version_minor" : 0
		},
		{
			"class_name" : "PoseGraphEdge",
			"confidence" : 1.0,
			"information" : 
			[
				11135.218751345856,
				22.318357701143523,
				-1113.5176395393826,
				0.0,
				-5127.4316894393542,
				-955.58522885912805,
				22.318357701143523,
				11799.843940320412,
				2169.9027281413228,
				5127.4316894393542,
				0.0,
				-534.6510845590318,
				-1113.5176395393826,
				2169.9027281413228,
				2283.1346680089464,
				955.58522885912805,
				534.6510845590318,
				0.0,
				0.0,
				5127.4316894393542,
				955.58522885912805,
				2690.0,
				0.0,
				0.0,
				-5127.4316894393542,
				0.0,
				534.6510845590318,
				0.0,
				2690.0,
				0.0,
				-955.58522885912805,
				-534.6510845590318,
				0.0,
				0.0,
				0.0,
				2690.0
			],
			"source_node_id" : 4,
			"target_node_id" : 5,
			"transformation" : 
			[
				0.93486142994261967,
				0.098666753233171756,
				-0.34102636058239033,
				0.0,
				-0.094636631477284919,
				0.99510448579530641,
				0.028477540846976322,
				0.0,
				0.34216664768541943,
				0.0056510314530218405,
				0.93962229169770151,
				0.0,
				-0.0037388300765971985,
				-0.55565579311359736,
				0.50083354934473312,
				1.0
			],
			"uncertain" : false,
			"version_major" : 1,
			"version_minor" : 0
		},
		{
			"class_name" : "PoseGraphEdge",
			"confidence" : 0.95262976114660403,
			"information" : 
			[
				22635.959306017037,
				714.00671724924359,
				-2317.1977003794609,
				0.0,
				-8478.4003680276601,
				-4032.0106295446967,
				714.00671724924359,
				20381.154279577386,
				8725.4305197789854,
				8478.4003680276601,
				0.0,
				-1355.2389729053277,
				-2317.1977003794609,
				8725.4305197789854,
				7737.1028524412759,
				4032.0106295446967,
				1355.2389729053277,
				0.0,
				0.0,
				8478.4003680276601,
				4032.0106295446967,
				4235.0,
				0.0,
				0.0,
				-8478.4003680276601,
				0.0,
				1355.2389729053277,
				0.0,
				4235.0,
				0.0,
				-4032.0106295446967,
				-1355.2389729053277,
				0.0,
				0.0,
				0.0,
				4235.0
			],
			"source_node_id" : 4,
			"target_node_id" : 13,
			"transformation" : 
			[
				0.71745036831908715,
				0.34285094934392313,
				-0.60639772058672603,
				0.0,
				-0.22266487577081423,
				0.93769898935740148,
				0.26672262456731299,
				0.0,
				0.66006463478721078,
				-0.056336772112704214,
				0.74909334933047389,
				0.0,
				-0.48474214253230463,
				-1.0610803022461601,
				0.75079987622730171,
				1.0
			],
			"uncertain" : true,
			"version_major" : 1,
			"version_minor" : 0
		},
		{
			"class_name" : "PoseGraphEdge",
			"confidence" : 1.0,
			"information" : 
			[
				8417.9971854175274,
				28.726281000330481,
				157.96618752077237,
				0.0,
				-4146.0623578918639,
				-459.78996366539388,
				28.726281000330481,
				8960.5151203508103,
				1103.6145123063363,
				4146.0623578918639,
				0.0,
				56.022334465859842,
				157.96618752077237,
				1103.6145123063363,
				1391.9952078660056,
				459.78996366539388,
				-56.022334465859842,
				0.0,
				0.0,
				4146.0623578918639,
				459.78996366539388,
				2246.0,
				0.0,
				0.0,
				-4146.0623578918639,
				0.0,
				-56.022334465859842,
				0.0,
				2246.0,
				0.0,
				-459.78996366539388,
				56.022334465859842,
				0.0,
				0.0,
				0.0,
				2246.0
			],
			"source_node_id" : 5,
			"target_node_id" : 6,
			"transformation" : 
			[
				0.99961227330310909,
				-0.027612965269907204,
				-0.0035815095690923744,
				0.0,
				0.027799329651471416,
				0.99701339442775794,
				0.07205198541726944,
				0.0,
				0.0015812440417007146,
				-0.072123612504120693,
				0.9973944476417711,
				0.0,
				0.98855752443377076,
				0.38194773528129067,
				-0.097479130257949118,
				1.0
			],
			"uncertain" : false,
			"version_major" : 1,
			"version_minor" : 0
		},
		{
			"class_name" : "PoseGraphEdge",
			"confidence" : 0.91035044385435349,
			"information" : 
			[
				6025.2268081459542,
				211.97975429104346,
				-766.61786743932055,
				0.0,
				-2790.34523461456,
				-781.94823933016164,
				211.97975429104346,
				5777.0648730865223,
				1583.7352951862918,
				2790.34523461456,
				0.0,
				-430.30942947293101,
				-766.61786743932055,
				1583.7352951862918,
				974.50109505792295,
				781.94823933016164,
				430.30942947293101,
				0.0,
				0.0,
				2790.34523461456,
				781.94823933016164,
				1477.0,
				0.0,
				0.0,
				-2790.34523461456,
				0.0,
				430.30942947293101,
				0.0,
				1477.0,
				0.0,
				-781.94823933016164,
				-430.30942947293101,
				0.0,
				0.0,
				0.0,
				1477.0
			],
			"source_node_id" : 5,
			"target_node_id" : 7,
			"transformation" : 
			[
				0.99625881461865062,
				-0.086419676830769371,
				-0.0001172651093289262,
				0.0,
				0.084380728125483778,
				0.97245870022796532,
				0.21726474419921127,
				0.0,
				-0.018661913504616018,
				-0.21646181142963938,
				0.97611270721005616,
				0.0,
				1.8599560426836179,
				0.21413257550403147,
				-0.0010435333399794189,
				1.0
			],
			"uncertain" : true,
			"version_major" : 1,
			"version_minor" : 0
		},
		{
			"class_name" : "PoseGraphEdge",
			"confidence" : 0.89575202292897005,
			"information" : 
			[
				25901.262985371985,
				-709.41958120049696,
				712.00345081042337,
				0.0,
				-9069.9070269912827,
				-4594.279651946521,
				-709.41958120049696,
				22726.66040458106,
				10444.451765466754,
				9069.9070269912827,
				0.0,
				28.570523761079873,
				712.00345081042337,
				10444.451765466754,
				8912.1662275420767,
				4594.279651946521,
				-28.570523761079873,
				0.0,
				0.0,
				9069.9070269912827,
				4594.279651946521,
				4335.0,
				0.0,
				0.0,
				-9069.9070269912827,
				0.0,
				-28.570523761079873,
				0.0,
				4335.0,
				0.0,
				-4594.279651946521,
				28.570523761079873,
				0.0,
				0.0,
				0.0,
				4335.0
			],
			"source_node_id" : 5,
			"target_node_id" : 13,
			"transformation" : 
			[
				0.91029758457964205,
				0.19736719054080448,
				-0.3638742909391891,
				0.0,
				-0.13358035366558185,
				0.97204971463636658,
				0.19306900680828104,
				0.0,
				0.39180938812520288,
				-0.12714379408129939,
				0.91121888643923799,
				0.0,
				-0.73361334613106133,
				-0.45837560862631277,
				0.41042307245072318,
				1.0
			],
			"uncertain" : true,
			"version_major" : 1,
			"version_minor" : 0
		},
		{
			"class_name" : "PoseGraphEdge",
			"confidence" : 1.0,
			"information" : 
			[
				8836.4288457155653,
				-300.94525883087698,
				489.94786601956133,
				0.0,
				-4459.4223758073131,
				-1063.539610876782,
				-300.94525883087698,
				8696.2861912715234,
				2087.8273303391438,
				4459.4223758073131,
				0.0,
				323.20269179663785,
				489.94786601956133,
				2087.8273303391438,
				1797.3507287287362,
				1063.539610876782,
				-323.20269179663785,
				0.0,
				0.0,
				4459.4223758073131,
				1063.539610876782,
				2675.0,
				0.0,
				0.0,
				-4459.4223758073131,
				0.0,
				-323.20269179663785,
				0.0,
				2675.0,
				0.0,
				-1063.539610876782,
				323.20269179663785,
				0.0,
				0.0,
				0.0,
				2675.0
			],
			"source_node_id" : 6,
			"target_node_id" : 7,
			"transformation" : 
			[
				0.99932471138548751,
				-0.021808681203925036,
				-0.029571990776106876,
				0.0,
				0.025549278796514203,
				0.99083094655315607,
				0.13266977691075216,
				0.0,
				0.026407490742108627,
				-0.13333572955782053,
				0.99071904577230496,
				0.0,
				0.7621072527088536,
				-0.12088938895648817,
				0.0031402628823161368,
				1.0
			],
			"uncertain" : false,
			"version_major" : 1,
			"version_minor" : 0
		},
		{
			"class_name" : "PoseGraphEdge",
			"confidence" : 0.88978908946904833,
			"information" : 
			[
				7945.8320441950273,
				39.844910390679573,
				-1360.3746735645577,
				0.0,
				-4116.7589199996719,
				-61.712638359228279,
				39.844910390679573,
				8105.178837896764,
				428.6569194226949,
				4116.7589199996719,
				0.0,
				-720.24029613723292,
				-1360.3746735645577,
				428.6569194226949,
				1118.0194904055616,
				61.712638359228279,
				720.24029613723292,
				0.0,
				0.0,
				4116.7589199996719,
				61.712638359228279,
				2397.0,
				0.0,
				0.0,
				-4116.7589199996719,
				0.0,
				720.24029613723292,
				0.0,
				2397.0,
				0.0,
				-61.712638359228279,
				-720.24029613723292,
				0.0,
				0.0,
				0.0,
				2397.0
			],
			"source_node_id" : 6,
			"target_node_id" : 8,
			"transformation" : 
			[
				0.81904729988690761,
				0.16357006746793717,
				-0.54991486029793801,
				0.0,
				-0.1812237573575996,
				0.98318382212461353,
				0.022528241867283583,
				0.0,
				0.54435234023301504,
				0.081205941537373927,
				0.83491683702142971,
				0.0,
				0.33166712197856174,
				0.15818147323776965,
				-0.31630336904354106,
				1.0
			],
			"uncertain" : true,
			"version_major" : 1,
			"version_minor" : 0
		},
		{
			"class_name" : "PoseGraphEdge",
			"confidence" : 0.68561399064598649,
			"information" : 
			[
				8790.912717901716,
				794.87017189655444,
				-2574.1570653681119,
				0.0,
				-3573.4770796881667,
				-1121.5037968748729,
				794.87017189655444,
				9266.5913270312376,
				2615.7935278357727,
				3573.4770796881667,
				0.0,
				-1290.3072077269421,
				-2574.1570653681119,
				2615.7935278357727,
				2315.8470935518671,
				1121.5037968748729,
				1290.3072077269421,
				0.0,
				0.0,
				3573.4770796881667,
				1121.5037968748729,
				1747.0,
				0.0,
				0.0,
				-3573.4770796881667,
				0.0,
				1290.3072077269421,
				0.0,
				1747.0,
				0.0,
				-1121.5037968748729,
				-1290.3072077269421,
				0.0,
				0.0,
				0.0,
				1747.0
			],
			"source_node_id" : 6,
			"target_node_id" : 11,
			"transformation" : 
			[
				0.39854982295055358,
				0.38623704518104818,
				-0.83185274150891308,
				0.0,
				-0.32190357510980594,
				0.90820820296841276,
				0.26746205037801418,
				0.0,
				0.85879923553622639,
				0.16117941863246299,
				0.48629730417892847,
				0.0,
				-0.2671024396084074,
				-0.67462080394966073,
				0.7903566186833596,
				1.0
			],
			"uncertain" : true,
			"version_major" : 1,
			"version_minor" : 0
		},
		{
			"class_name" : "PoseGraphEdge",
			"confidence" : 1.0,
			"information" : 
			[
				6882.4841684653429,
				15.473924529540154,
				-435.85755197709733,
				0.0,
				-3739.7056062346774,
				-87.454353019475946,
				15.473924529540154,
				7081.9487172865229,
				429.83394721486792,
				3739.7056062346774,
				0.0,
				-138.77936071317436,
				-435.85755197709733,
				429.83394721486792,
				1091.1391414769857,
				87.454353019475946,
				138.77936071317436,
				0.0,
				0.0,
				3739.7056062346774,
				87.454353019475946,
				2312.0,
				0.0,
				0.0,
				-3739.7056062346774,
				0.0,
				138.77936071317436,
				0.0,
				2312.0,
				0.0,
				-87.454353019475946,
				-138.77936071317436,
				0.0,
				0.0,
				0.0,
				2312.0
			],
			"source_node_id" : 7,
			"target_node_id" : 8,
			"transformation" : 
			[
				0.80102559941705087,
				0.20353936092773053,
				-0.56296511226868551,
				0.0,
				-0.27321198601374941,
				0.96106807505611502,
				-0.041271852470546856,
				0.0,
				0.53264735029565624,
				0.1868686267436514,
				0.82544952393345294,
				0.0,
				-0.39101269043231401,
				0.14793217984562887,
				0.11175134665170529,
				1.0
			],
			"uncertain" : false,
			"version_major" : 1,
			"version_minor" : 0
		},
		{
			"class_name" : "PoseGraphEdge",
			"confidence" : 0.96854497590715771,
			"information" : 
			[
				6462.7878694536739,
				641.50087219545367,
				-2031.1108022840858,
				0.0,
				-3272.5531992727147,
				-934.5335613584582,
				641.50087219545367,
				6670.4996671236495,
				1768.2194108337187,
				3272.5531992727147,
				0.0,
				-1161.0232906186809,
				-2031.1108022840858,
				1768.2194108337187,
				1769.9986055821,
				934.5335613584582,
				1161.0232906186809,
				0.0,
				0.0,
				3272.5531992727147,
				934.5335613584582,
				1967.0,
				0.0,
				0.0,
				-3272.5531992727147,
				0.0,
				1161.0232906186809,
				0.0,
				1967.0,
				0.0,
				-934.5335613584582,
				-1161.0232906186809,
				0.0,
				0.0,
				0.0,
				1967.0
			],
			"source_node_id" : 7,
			"target_node_id" : 9,
			"transformation" : 
			[
				0.37874322260906779,
				0.37063816381880083,
				-0.84804535424040017,
				0.0,
				-0.48033743603819862,
				0.86195620527233296,
				0.1621957081206801,
				0.0,
				0.79109387487702554,
				0.34591740591295372,
				0.50449145623935499,
				0.0,
				-0.20130924454613008,
				-0.46991745693215686,
				0.55082438756554264,
				1.0
			],
			"uncertain" : true,
			"version_major" : 1,
			"version_minor" : 0
		},
		{
			"class_name" : "PoseGraphEdge",
			"confidence" : 0.8054544677472032,
			"information" : 
			[
				8430.0240110489231,
				648.65911083932644,
				-3111.2047211717099,
				0.0,
				-4022.4839779775316,
				-799.36578545350062,
				648.65911083932644,
				9775.2961594510525,
				1748.9972685742364,
				4022.4839779775316,
				0.0,
				-1624.3628956962189,
				-3111.2047211717099,
				1748.9972685742364,
				2388.7682809940907,
				799.36578545350062,
				1624.3628956962189,
				0.0,
				0.0,
				4022.4839779775316,
				799.36578545350062,
				2147.0,
				0.0,
				0.0,
				-4022.4839779775316,
				0.0,
				1624.3628956962189,
				0.0,
				2147.0,
				0.0,
				-799.36578545350062,
				-1624.3628956962189,
				0.0,
				0.0,
				0.0,
				2147.0
			],
			"source_node_id" : 7,
			"target_node_id" : 10,
			"transformation" : 
			[
				0.43456431617399427,
				0.34095245850201444,
				-0.8336097865006511,
				0.0,
				-0.43239575737425878,
				0.89090901903855235,
				0.13897851920532944,
				0.0,
				0.790055544954258,
				0.30005422982720509,
				0.53458366515432654,
				0.0,
				-0.22009835878651018,
				-0.40371466806781853,
				0.8014389628964097,
				1.0
			],
			"uncertain" : true,
			"version_major" : 1,
			"version_minor" : 0
		},
		{
			"class_name" : "PoseGraphEdge",
			"confidence" : 1.0,
			"information" : 
			[
				6378.6362939187156,
				421.26128493120422,
				-984.10185407909512,
				0.0,
				-3417.1365651823226,
				-741.89187800744401,
				421.26128493120422,
				6543.9124434693877,
				1396.0732075020499,
				3417.1365651823226,
				0.0,
				-520.90253988896541,
				-984.10185407909512,
				1396.0732075020499,
				1551.3874454481834,
				741.89187800744401,
				520.90253988896541,
				0.0,
				0.0,
				3417.1365651823226,
				741.89187800744401,
				2133.0,
				0.0,
				0.0,
				-3417.1365651823226,
				0.0,
				520.90253988896541,
				0.0,
				2133.0,
				0.0,
				-741.89187800744401,
				-520.90253988896541,
				0.0,
				0.0,
				0.0,
				2133.0
			],
			"source_node_id" : 8,
			"target_node_id" : 9,
			"transformation" : 
			[
				0.87492006538184619,
				0.23766953267879798,
				-0.42193372990136152,
				0.0,
				-0.20545676279379169,
				0.97115668029246416,
				0.12100504512462966,
				0.0,
				0.43852297296097265,
				-0.019180603732930318,
				0.89851527901639217,
				0.0,
				0.1647183932534709,
				-0.44142772045111267,
				0.25273797587068642,
				1.0
			],
			"uncertain" : false,
			"version_major" : 1,
			"version_minor" : 0
		},
		{
			"class_name" : "PoseGraphEdge",
			"confidence" : 0.91724026100069778,
			"information" : 
			[
				13061.997067457489,
				721.62826864283784,
				-2472.7584559545812,
				0.0,
				-6245.6344068052322,
				-1008.6944160350889,
				721.62826864283784,
				14586.116293743689,
				2220.7118276901087,
				6245.6344068052322,
				0.0,
				-1149.4020006942053,
				-2472.7584559545812,
				2220.7118276901087,
				3042.4961724632708,
				1008.6944160350889,
				1149.4020006942053,
				0.0,
				0.0,
				6245.6344068052322,
				1008.6944160350889,
				3264.0,
				0.0,
				0.0,
				-6245.6344068052322,
				0.0,
				1149.4020006942053,
				0.0,
				3264.0,
				0.0,
				-1008.6944160350889,
				-1149.4020006942053,
				0.0,
				0.0,
				0.0,
				3264.0
			],
			"source_node_id" : 8,
			"target_node_id" : 10,
			"transformation" : 
			[
				0.86737913027861302,
				0.24557214268414523,
				-0.4328368827799165,
				0.0,
				-0.23016378389795741,
				0.9691106756902973,
				0.088595320671411001,
				0.0,
				0.44122338666359384,
				0.022777642560498926,
				0.89710818860408137,
				0.0,
				0.098640052972016057,
				-0.46456817688183988,
				0.55732203344916487,
				1.0
			],
			"uncertain" : true,
			"version_major" : 1,
			"version_minor" : 0
		},
		{
			"class_name" : "PoseGraphEdge",
			"confidence" : 0.92522403171864032,
			"information" : 
			[
				14501.994853813641,
				92.640074224833228,
				383.79237011431786,
				0.0,
				-5329.5686453733861,
				-1667.7880197044242,
				92.640074224833228,
				14479.693888824071,
				4151.2344479471876,
				5329.5686453733861,
				0.0,
				206.20178010838094,
				383.79237011431786,
				4151.2344479471876,
				2879.1219376305794,
				1667.7880197044242,
				-206.20178010838094,
				0.0,
				0.0,
				5329.5686453733861,
				1667.7880197044242,
				2205.0,
				0.0,
				0.0,
				-5329.5686453733861,
				0.0,
				-206.20178010838094,
				0.0,
				2205.0,
				0.0,
				-1667.7880197044242,
				206.20178010838094,
				0.0,
				0.0,
				0.0,
				2205.0
			],
			"source_node_id" : 8,
			"target_node_id" : 11,
			"transformation" : 
			[
				0.90039106616318543,
				0.24762858335760238,
				-0.35773735152738867,
				0.0,
				-0.2046965912591987,
