{
	"class_name" : "PoseGraph",
	"edges" : 
	[
		{
			"class_name" : "PoseGraphEdge",
			"confidence" : 1.0,
			"information" : 
			[
				6050.2439548868952,
				-55.972123785392121,
				107.92166834709388,
				0.0,
				-3520.8403139951301,
				-232.65258281338885,
				-55.972123785392121,
				6178.3705528379714,
				419.99714366883558,
				3520.8403139951301,
				0.0,
				69.560961124377641,
				107.92166834709388,
				419.99714366883558,
				931.49542264214858,
				232.65258281338885,
				-69.560961124377641,
				0.0,
				0.0,
				3520.8403139951301,
				232.65258281338885,
				2245.0,
				0.0,
				0.0,
				-3520.8403139951301,
				0.0,
				-69.560961124377641,
				0.0,
				2245.0,
				0.0,
				-232.65258281338885,
				69.560961124377641,
				0.0,
				0.0,
				0.0,
				2245.0
			],
			"source_node_id" : 0,
			"target_node_id" : 1,
			"transformation" : 
			[
				0.9939072974961537,
				0.033871929215403287,
				-0.10488553949479365,
				0.0,
				-0.03561429735182696,
				0.9992562587675905,
				-0.01478347516370929,
				0.0,
				0.10430678697008712,
				0.018428828639038018,
				0.99437441261677173,
				0.0,
				0.082581086704544199,
				-0.1924013963458221,
				0.060119363321661012,
				1.0
			],
			"uncertain" : false,
			"version_major" : 1,
			"version_minor" : 0
		},
		{
			"class_name" : "PoseGraphEdge",
			"confidence" : 1.0,
			"information" : 
			[
				10932.395252806698,
				-167.91392467127443,
				688.19128874762987,
				0.0,
				-5786.8964746727479,
				-783.27728971681688,
				-167.91392467127443,
				10981.799680056985,
				1538.1510908799746,
				5786.8964746727479,
				0.0,
				388.46531299942387,
				688.19128874762987,
				1538.1510908799746,
				1773.0444186839284,
				783.27728971681688,
				-388.46531299942387,
				0.0,
				0.0,
				5786.8964746727479,
				783.27728971681688,
				3404.0,
				0.0,
				0.0,
				-5786.8964746727479,
				0.0,
				-388.46531299942387,
				0.0,
				3404.0,
				0.0,
				-783.27728971681688,
				388.46531299942387,
				0.0,
				0.0,
				0.0,
				3404.0
			],
			"source_node_id" : 0,
			"target_node_id" : 2,
			"transformation" : 
			[
				0.98853254962292159,
				0.019311419176306646,
				-0.14976804540823954,
				0.0,
				-0.051533794857496346,
				0.97539082499529284,
				-0.21437585335710868,
				0.0,
				0.14194247540321758,
				0.2196356246249685,
				0.9652007698256404,
				0.0,
				-0.027260149074782053,
				-0.53709438509040797,
				0.20720181248578329,
				1.0
			],
			"uncertain" : true,
			"version_major" : 1,
			"version_minor" : 0
		},
		{
			"class_name" : "PoseGraphEdge",
			"confidence" : 1.0,
			"information" : 
			[
				11058.573739008325,
				451.09210047042291,
				-2460.6254478385936,
				0.0,
				-5551.8404157938712,
				-1064.3343329933159,
				451.09210047042291,
				11303.882810586458,
				2003.9351939214923,
				5551.8404157938712,
				0.0,
				-1403.0350257722655,
				-2460.6254478385936,
				2003.9351939214923,
				2382.1515914276983,
				1064.3343329933159,
				1403.0350257722655,
				0.0,
				0.0,
				5551.8404157938712,
				1064.3343329933159,
				3122.0,
				0.0,
				0.0,
				-5551.8404157938712,
				0.0,
				1403.0350257722655,
				0.0,
				3122.0,
				0.0,
				-1064.3343329933159,
				-1403.0350257722655,
				0.0,
				0.0,
				0.0,
				3122.0
			],
			"source_node_id" : 0,
			"target_node_id" : 3,
			"transformation" : 
			[
				0.92774574625079076,
				0.11528102623140118,
				-0.35496213221215434,
				0.0,
				-0.12348155461936153,
				0.99234676430346069,
				-0.00045281920984491242,
				0.0,
				0.35219332188778041,
				0.044251377012313825,
				0.93488056972544098,
				0.0,
				0.27037520194740183,
				-0.33671041306471461,
				0.21190283319379866,
				1.0
			],
			"uncertain" : true,
			"version_major" : 1,
			"version_minor" : 0
		},
		{
			"class_name" : "PoseGraphEdge",
			"confidence" : 1.0,
			"information" : 
			[
				9988.5951037917803,
				-109.14927630602047,
				-2597.9368715821888,
				0.0,
				-5024.1699856570986,
				104.40921278770972,
				-109.14927630602047,
				10518.770092510425,
				-99.198345772806618,
				5024.1699856570986,
				0.0,
				-1342.5279868024838,
				-2597.9368715821888,
				-99.198345772806618,
				1809.202338914708,
				-104.40921278770972,
				1342.5279868024838,
				0.0,
				0.0,
				5024.1699856570986,
				-104.40921278770972,
				2740.0,
				0.0,
				0.0,
				-5024.1699856570986,
				0.0,
				1342.5279868024838,
				0.0,
				2740.0,
				0.0,
				104.40921278770972,
				-1342.5279868024838,
				0.0,
				0.0,
				0.0,
				2740.0
			],
			"source_node_id" : 0,
			"target_node_id" : 4,
			"transformation" : 
			[
				0.9942010931357872,
				0.082273830419611338,
				-0.069247405985290444,
				0.0,
				-0.08534977413275037,
				0.99543586113526872,
				-0.042694992930970344,
				0.0,
				0.065418670600181583,
				0.048357659103518802,
				0.99668547413059749,
				0.0,
				0.83964581467024191,
				0.075247923339280945,
				0.27350819718790076,
				1.0
			],
			"uncertain" : true,
			"version_major" : 1,
			"version_minor" : 0
		},
		{
			"class_name" : "PoseGraphEdge",
			"confidence" : 1.0,
			"information" : 
			[
				5604.0502082045214,
				365.19611210506019,
				-2337.0553229287202,
				0.0,
				-2567.3571365430616,
				-405.39441292986231,
				365.19611210506019,
				6387.9227316855749,
				860.66321670780064,
				2567.3571365430616,
				0.0,
				-1136.0862543759424,
				-2337.0553229287202,
				860.66321670780064,
				1453.0837898459642,
				405.39441292986231,
				1136.0862543759424,
				0.0,
				0.0,
				2567.3571365430616,
				405.39441292986231,
				1264.0,
				0.0,
				0.0,
				-2567.3571365430616,
				0.0,
				1136.0862543759424,
				0.0,
				1264.0,
				0.0,
				-405.39441292986231,
				-1136.0862543759424,
				0.0,
				0.0,
				0.0,
				1264.0
			],
			"source_node_id" : 0,
			"target_node_id" : 5,
			"transformation" : 
			[
				0.96408443174701108,
				0.18983508616375019,
				-0.18575211580018208,
				0.0,
				-0.19537164840294874,
				0.98065831883490817,
				-0.011797487029260867,
				0.0,
				0.17991978063391872,
				0.047664470636864305,
				0.98252581176045972,
				0.0,
				1.197831094509374,
				-0.36158976996572412,
				0.488757292163706,
				1.0
			],
			"uncertain" : true,
			"version_major" : 1,
			"version_minor" : 0
		},
		{
			"class_name" : "PoseGraphEdge",
			"confidence" : 1.0,
			"information" : 
			[
				2747.7253183033267,
				-480.29210480560801,
				1292.8372312144879,
				0.0,
				-1586.3530177002526,
				-513.00710365676775,
				-480.29210480560801,
				3336.3239559244953,
				784.69982126313857,
				1586.3530177002526,
				0.0,
				1049.691407026791,
				1292.8372312144879,
				784.69982126313857,
				1415.4660343118419,
				513.00710365676775,
				-1049.691407026791,
				0.0,
				0.0,
				1586.3530177002526,
				513.00710365676775,
				1223.0,
				0.0,
				0.0,
				-1586.3530177002526,
				0.0,
				-1049.691407026791,
				0.0,
				1223.0,
				0.0,
				-513.00710365676775,
				1049.691407026791,
				0.0,
				0.0,
				0.0,
				1223.0
			],
			"source_node_id" : 0,
			"target_node_id" : 7,
			"transformation" : 
			[
				0.39329873362233814,
				-0.024628269487462173,
				0.91908082042501549,
				0.0,
				0.18008643115412665,
				0.98234123563855125,
				-0.050740260920651287,
				0.0,
				-0.90160134396818459,
				0.18547006525630691,
				0.39078878111914406,
				0.0,
				0.79729732024690048,
				-0.22776156136905423,
				1.218858617889004,
				1.0
			],
			"uncertain" : true,
			"version_major" : 1,
			"version_minor" : 0
		},
		{
			"class_name" : "PoseGraphEdge",
			"confidence" : 1.0,
			"information" : 
			[
				4048.2793677937025,
				-37.418905173773865,
				261.77002232645782,
				0.0,
				-2147.6566292765269,
				-177.14846519130896,
				-37.418905173773865,
				4188.5763226606769,
				399.47639027379364,
				2147.6566292765269,
				0.0,
				245.26797629094452,
				261.77002232645782,
				399.47639027379364,
				542.89971835469839,
				177.14846519130896,
				-245.26797629094452,
				0.0,
				0.0,
				2147.6566292765269,
				177.14846519130896,
				1264.0,
				0.0,
				0.0,
				-2147.6566292765269,
				0.0,
				-245.26797629094452,
				0.0,
				1264.0,
				0.0,
				-177.14846519130896,
				245.26797629094452,
				0.0,
				0.0,
				0.0,
				1264.0
			],
			"source_node_id" : 0,
			"target_node_id" : 8,
			"transformation" : 
			[
				0.80954289871161511,
				0.36451835169291469,
				0.46018112349886298,
				0.0,
				-0.21684296673177256,
				0.91410796055057031,
				-0.34261605951420487,
				0.0,
				-0.54554506956305504,
				0.17757535791082699,
				0.81905284892873842,
				0.0,
				0.94676136357600238,
				0.23561614446652665,
				0.64008471321379212,
				1.0
			],
			"uncertain" : true,
			"version_major" : 1,
			"version_minor" : 0
		},
		{
			"class_name" : "PoseGraphEdge",
			"confidence" : 1.0,
			"information" : 
			[
				3565.6989297881382,
				45.073295573691631,
				307.56351484381128,
				0.0,
				-1988.7251835150648,
				-410.27560544874154,
				45.073295573691631,
				3463.0177366136518,
				713.83495342691015,
				1988.7251835150648,
				0.0,
				215.80964644475762,
				307.56351484381128,
				713.83495342691015,
				715.50522256845022,
				410.27560544874154,
				-215.80964644475762,
				0.0,
				0.0,
				1988.7251835150648,
				410.27560544874154,
				1283.0,
				0.0,
				0.0,
				-1988.7251835150648,
				0.0,
				-215.80964644475762,
				0.0,
				1283.0,
				0.0,
				-410.27560544874154,
				215.80964644475762,
				0.0,
				0.0,
				0.0,
				1283.0
			],
			"source_node_id" : 0,
			"target_node_id" : 9,
			"transformation" : 
			[
				-0.49148567350382949,
				-0.62259654718926849,
				0.60894611598111725,
				0.0,
				0.78895217191531097,
				-0.61439438135005064,
				0.0086031735774134976,
				0.0,
				0.36877676603956694,
				0.48465769734266029,
				0.79316493444674485,
				0.0,
				-0.42662796676244763,
				-1.2746546669599894,
				0.28666483130579712,
				1.0
			],
			"uncertain" : true,
			"version_major" : 1,
			"version_minor" : 0
		},
		{
			"class_name" : "PoseGraphEdge",
			"confidence" : 1.0,
			"information" : 
			[
				5236.0387237403047,
				284.34982260638475,
				-1150.1628111237221,
				0.0,
				-2451.0467304868102,
				-573.19697461337614,
				284.34982260638475,
				5425.0674935889074,
				1215.8639188618615,
				2451.0467304868102,
				0.0,
				-579.60688499895252,
				-1150.1628111237221,
				1215.8639188618615,
				963.09971493658588,
				573.19697461337614,
				579.60688499895252,
				0.0,
				0.0,
				2451.0467304868102,
				573.19697461337614,
				1277.0,
				0.0,
				0.0,
				-2451.0467304868102,
				0.0,
				579.60688499895252,
				0.0,
				1277.0,
				0.0,
				-573.19697461337614,
				-579.60688499895252,
				0.0,
				0.0,
				0.0,
				1277.0
			],
			"source_node_id" : 0,
			"target_node_id" : 10,
			"transformation" : 
			[
				-0.21885713540458507,
				-0.83554452278853697,
				0.50395129201201017,
				0.0,
				0.97008919518485381,
				-0.13073389268502261,
				0.204537533692531,
				0.0,
				-0.10501670185309314,
				0.5336422019869651,
				0.83916475890637943,
				0.0,
				0.82406492658086372,
				-1.5197516908400122,
				0.70340842777194323,
				1.0
			],
			"uncertain" : true,
			"version_major" : 1,
			"version_minor" : 0
		},
		{
			"class_name" : "PoseGraphEdge",
			"confidence" : 1.0,
			"information" : 
			[
				9017.9580110395164,
				1443.544734893469,
				-3375.5410299233531,
				0.0,
				-3832.1709543721222,
				-1645.0468527774296,
				1443.544734893469,
				9179.978063736371,
				3161.9181543985501,
				3832.1709543721222,
				0.0,
				-1821.749930613086,
				-3375.5410299233531,
				3161.9181543985501,
				3563.0151948462335,
				1645.0468527774296,
				1821.749930613086,
				0.0,
				0.0,
				3832.1709543721222,
				1645.0468527774296,
				2035.0,
				0.0,
				0.0,
				-3832.1709543721222,
				0.0,
				1821.749930613086,
				0.0,
				2035.0,
				0.0,
				-1645.0468527774296,
				-1821.749930613086,
				0.0,
				0.0,
				0.0,
				2035.0
			],
			"source_node_id" : 0,
			"target_node_id" : 13,
			"transformation" : 
			[
				0.62735591780193234,
				0.34719472508639382,
				-0.69705119989214481,
				0.0,
				-0.24691500943911113,
				0.93760970838595648,
				0.24478768934341016,
				0.0,
				0.73855096676707366,
				0.018543398086263652,
				0.67394258796639028,
				0.0,
				0.17980776573255697,
				-0.74238306714689739,
				0.47691474496119801,
				1.0
			],
			"uncertain" : true,
			"version_major" : 1,
			"version_minor" : 0
		},
		{
			"class_name" : "PoseGraphEdge",
			"confidence" : 1.0,
			"information" : 
			[
				8186.3253051695256,
				-47.969158597189796,
				348.01306732839231,
				0.0,
				-4577.6714129295251,
				-149.49253999537342,
				-47.969158597189796,
				8278.6539376977053,
				422.17494989125333,
				4577.6714129295251,
				0.0,
				220.70508674091025,
				348.01306732839231,
				422.17494989125333,
				1181.7006789161071,
				149.49253999537342,
				-220.70508674091025,
				0.0,
				0.0,
				4577.6714129295251,
				149.49253999537342,
				2839.0,
				0.0,
				0.0,
				-4577.6714129295251,
				0.0,
				-220.70508674091025,
				0.0,
				2839.0,
				0.0,
				-149.49253999537342,
				220.70508674091025,
				0.0,
				0.0,
				0.0,
				2839.0
			],
			"source_node_id" : 1,
			"target_node_id" : 2,
			"transformation" : 
			[
				0.99733292774439875,
				-0.00024104169985470156,
				-0.072986116047390762,
				0.0,
				-0.015814572917491027,
				0.97552411897688163,
				-0.21932303248363344,
				0.0,
				0.071252582551241922,
				0.21989232636287728,
				0.97291851369295423,
				0.0,
				-0.13826706016079096,
				-0.41193643142055852,
				0.10105761163920512,
				1.0
			],
			"uncertain" : false,
			"version_major" : 1,
			"version_minor" : 0
		},
		{
			"class_name" : "PoseGraphEdge",
			"confidence" : 1.0,
			"information" : 
			[
				10157.383073555518,
				214.40202359610225,
				-2304.088283930359,
				0.0,
				-5339.8875903243061,
				-545.63297508668472,
				214.40202359610225,
				10533.536495192056,
				1083.262786169096,
				5339.8875903243061,
				0.0,
				-1320.9836196280783,
				-2304.088283930359,
				1083.262786169096,
				1911.7372645786165,
				545.63297508668472,
				1320.9836196280783,
				0.0,
				0.0,
				5339.8875903243061,
				545.63297508668472,
				3091.0,
				0.0,
				0.0,
				-5339.8875903243061,
				0.0,
				1320.9836196280783,
				0.0,
				3091.0,
				0.0,
				-545.63297508668472,
				-1320.9836196280783,
				0.0,
				0.0,
				0.0,
				3091.0
			],
			"source_node_id" : 1,
			"target_node_id" : 3,
			"transformation" : 
			[
				0.96380840459850936,
				0.091721217859422249,
				-0.25032094882302608,
				0.0,
				-0.094316515144452412,
				0.99554091982248694,
				0.0016346039285397851,
				0.0,
				0.2493546755051565,
				0.0220339545561241,
				0.96816153127994942,
				0.0,
				0.17220771992500006,
				-0.17996458399629109,
				0.14863626339071145,
				1.0
			],
			"uncertain" : true,
			"version_major" : 1,
			"version_minor" : 0
		},
		{
			"class_name" : "PoseGraphEdge",
			"confidence" : 1.0,
			"information" : 
			[
				8845.2229890725703,
				-351.27166984164785,
				-2340.4746544168688,
				0.0,
				-4535.5107595030449,
				508.71124481912881,
				-351.27166984164785,
				9266.6097130205144,
				-805.58750697071116,
				4535.5107595030449,
				0.0,
				-1250.8623186633608,
				-2340.4746544168688,
				-805.58750697071116,
				1623.7277423756843,
				-508.71124481912881,
				1250.8623186633608,
				0.0,
				0.0,
				4535.5107595030449,
				-508.71124481912881,
				2550.0,
				0.0,
				0.0,
				-4535.5107595030449,
				0.0,
				1250.8623186633608,
				0.0,
				2550.0,
				0.0,
				508.71124481912881,
				-1250.8623186633608,
				0.0,
				0.0,
				0.0,
				2550.0
			],
			"source_node_id" : 1,
			"target_node_id" : 4,
			"transformation" : 
			[
				0.99580931312604204,
				0.064571217468733955,
				0.06476395421874509,
				0.0,
				-0.061623259334147931,
				0.99701434689304813,
				-0.046529195119479262,
				0.0,
				-0.067575038294317935,
				0.042343239885909323,
				0.99681526083597183,
				0.0,
				0.77434376518646786,
				0.22093722665357943,
				0.18516171721490204,
				1.0
			],
			"uncertain" : true,
			"version_major" : 1,
			"version_minor" : 0
		},
		{
			"class_name" : "PoseGraphEdge",
			"confidence" : 1.0,
			"information" : 
			[
				7547.4647061405894,
				422.22423007241986,
				-2976.34115318964,
				0.0,
				-3457.0308562104842,
				-521.62326012368248,
				422.22423007241986,
				8484.8025479362605,
				1141.3898056163871,
				3457.0308562104842,
				0.0,
				-1461.3242277160789,
				-2976.34115318964,
				1141.3898056163871,
				1835.6760570500492,
				521.62326012368248,
				1461.3242277160789,
				0.0,
				0.0,
				3457.0308562104842,
				521.62326012368248,
				1708.0,
				0.0,
				0.0,
				-3457.0308562104842,
				0.0,
				1461.3242277160789,
				0.0,
				1708.0,
				0.0,
				-521.62326012368248,
				-1461.3242277160789,
				0.0,
				0.0,
				0.0,
				1708.0
			],
			"source_node_id" : 1,
			"target_node_id" : 5,
			"transformation" : 
			[
				0.93666960604313965,
				0.083834074543003678,
				-0.340032200034802,
				0.0,
				-0.10033498448113334,
				0.99446424382674459,
				-0.031205105980783132,
				0.0,
				0.33553381350343858,
				0.063345999839132028,
				0.93989592205744832,
				0.0,
				0.72069804812824212,
				-0.30395217243812145,
				0.42985147610457197,
				1.0
			],
			"uncertain" : true,
			"version_major" : 1,
			"version_minor" : 0
		},
		{
			"class_name" : "PoseGraphEdge",
			"confidence" : 1.0,
			"information" : 
			[
				2778.8377188667164,
				-204.11874083089154,
				763.3312656883536,
				0.0,
				-1678.8720557659251,
				-266.57889100704671,
				-204.11874083089154,
				3072.1910061431363,
				451.52464887869706,
				1678.8720557659251,
				0.0,
				598.69046332537914,
				763.3312656883536,
				451.52464887869706,
				705.59816198108001,
				266.57889100704671,
				-598.69046332537914,
				0.0,
				0.0,
				1678.8720557659251,
				266.57889100704671,
				1182.0,
				0.0,
				0.0,
				-1678.8720557659251,
				0.0,
				-598.69046332537914,
				0.0,
				1182.0,
				0.0,
				-266.57889100704671,
				598.69046332537914,
				0.0,
				0.0,
				0.0,
				1182.0
			],
			"source_node_id" : 1,
			"target_node_id" : 7,
			"transformation" : 
			[
				0.72839158422623562,
				0.31862260279067534,
				0.60656849326295403,
				0.0,
				0.01263107297879125,
				-0.89138730808206479,
				0.45306635605131224,
				0.0,
				0.68504463797901427,
				-0.32234810993878349,
				-0.65330355884159608,
				0.0,
				-1.4877259055300696,
				0.21515373641617569,
				2.6336619804740611,
				1.0
			],
			"uncertain" : true,
			"version_major" : 1,
			"version_minor" : 0
		},
		{
			"class_name" : "PoseGraphEdge",
			"confidence" : 1.0,
			"information" : 
			[
				3069.5055484219092,
				-90.059889872987881,
				37.793728303399263,
				0.0,
				-1846.2097067619059,
				79.482810474438494,
				-90.059889872987881,
				3101.4799781296451,
				-37.98444084458071,
				1846.2097067619059,
				0.0,
				36.267856132014991,
				37.793728303399263,
				-37.98444084458071,
				377.24921005069393,
				-79.482810474438494,
				-36.267856132014991,
				0.0,
				0.0,
				1846.2097067619059,
				-79.482810474438494,
				1231.0,
				0.0,
				0.0,
				-1846.2097067619059,
				0.0,
				-36.267856132014991,
				0.0,
				1231.0,
				0.0,
				79.482810474438494,
				36.267856132014991,
				0.0,
				0.0,
				0.0,
				1231.0
			],
			"source_node_id" : 1,
			"target_node_id" : 8,
			"transformation" : 
			[
				0.62679463540035008,
				0.75522824470053407,
				-0.19172580274937495,
				0.0,
				0.69391455420358561,
				-0.42911778240420395,
				0.5782218607843681,
				0.0,
				0.35441652966217729,
				-0.49546768535500746,
				-0.79303259470917742,
				0.0,
				-0.53631929215100138,
				0.83997303117648769,
				2.7508674957231514,
				1.0
			],
			"uncertain" : true,
			"version_major" : 1,
			"version_minor" : 0
		},
		{
			"class_name" : "PoseGraphEdge",
			"confidence" : 1.0,
			"information" : 
			[
				2919.4291882096563,
				42.941033457706325,
				-160.2217902288244,
				0.0,
				-1675.6230848539167,
				-266.46227619857478,
				42.941033457706325,
				2913.1076817214403,
				487.92935437703886,
				1675.6230848539167,
				0.0,
				-100.59962931034245,
				-160.2217902288244,
				487.92935437703886,
				484.03292062318508,
				266.46227619857478,
				100.59962931034245,
				0.0,
				0.0,
				1675.6230848539167,
				266.46227619857478,
				1084.0,
				0.0,
				0.0,
				-1675.6230848539167,
				0.0,
				100.59962931034245,
				0.0,
				1084.0,
				0.0,
				-266.46227619857478,
				-100.59962931034245,
				0.0,
				0.0,
				0.0,
				1084.0
			],
			"source_node_id" : 1,
			"target_node_id" : 9,
			"transformation" : 
			[
				0.095693500044289698,
				0.69926606006436198,
				-0.70842764718165774,
				0.0,
				-0.83634043010539538,
				0.4424201638078416,
				0.32372686577941995,
				0.0,
				0.53979388568267206,
				0.56150812629766012,
				0.62716121139727332,
				0.0,
				-0.67549200880669602,
				-1.0659958526806346,
				0.50122632786672672,
				1.0
			],
			"uncertain" : true,
			"version_major" : 1,
			"version_minor" : 0
		},
		{
			"class_name" : "PoseGraphEdge",
			"confidence" : 1.0,
			"information" : 
			[
				10703.195907253474,
				1512.8127969043617,
				-4114.5335307062396,
				0.0,
				-4744.994428809272,
				-1722.216882465834,
				1512.8127969043617,
				11230.375446033866,
				3281.906583462297,
				4744.994428809272,
				0.0,
				-2212.1664401327803,
				-4114.5335307062396,
				3281.906583462297,
				3953.7355535807064,
				1722.216882465834,
				2212.1664401327803,
				0.0,
				0.0,
				4744.994428809272,
				1722.216882465834,
				2540.0,
				0.0,
				0.0,
				-4744.994428809272,
				0.0,
				2212.1664401327803,
				0.0,
				2540.0,
				0.0,
				-1722.216882465834,
				-2212.1664401327803,
				0.0,
				0.0,
				0.0,
				2540.0
			],
			"source_node_id" : 1,
			"target_node_id" : 13,
			"transformation" : 
			[
				0.7343245696205839,
				0.37266685660439636,
				-0.56735072084218263,
				0.0,
				-0.2814506475116022,
				0.92774294794334222,
				0.24510927268607785,
				0.0,
				0.61769973244841647,
				-0.020308533428011616,
				0.78615176906444706,
				0.0,
				0.13082367021917174,
				-0.60464929451371885,
				0.46930986351505033,
				1.0
			],
			"uncertain" : true,
			"version_major" : 1,
			"version_minor" : 0
		},
		{
			"class_name" : "PoseGraphEdge",
			"confidence" : 1.0,
			"information" : 
			[
				9865.9854421330656,
				-4.0335812651164655,
				-978.40523139579489,
				0.0,
				-5041.525361381553,
				-698.68269349108107,
				-4.0335812651164655,
				10130.626413143036,
				1417.7481706561005,
				5041.525361381553,
				0.0,
				-555.8487129139728,
				-978.40523139579489,
				1417.7481706561005,
				2167.2293056583849,
				698.68269349108107,
				555.8487129139728,
				0.0,
				0.0,
				5041.525361381553,
				698.68269349108107,
				2930.0,
				0.0,
				0.0,
				-5041.525361381553,
				0.0,
				555.8487129139728,
				0.0,
				2930.0,
				0.0,
				-698.68269349108107,
				-555.8487129139728,
				0.0,
				0.0,
				0.0,
				2930.0
			],
			"source_node_id" : 2,
			"target_node_id" : 3,
			"transformation" : 
			[
				0.97457254526555326,
				0.081851682254533251,
				-0.20858728658940609,
				0.0,
				-0.033290501930694015,
				0.97345348838996937,
				0.22645098459179117,
				0.0,
				0.22158541580128935,
				-0.21374893696458847,
				0.95142592746397747,
				0.0,
				0.21977161282000429,
				0.27551923277374085,
				0.1429350718608946,
				1.0
			],
			"uncertain" : false,
			"version_major" : 1,
			"version_minor" : 0
		},
		{
			"class_name" : "PoseGraphEdge",
			"confidence" : 1.0,
			"information" : 
			[
				12720.210614160584,
				-404.2462384486094,
				-672.17643334871059,
				0.0,
				-6908.9542908513722,
				506.12375284074574,
				-404.2462384486094,
				14285.782977641635,
				-541.91856892366889,
				6908.9542908513722,
				0.0,
				-23.787484791153727,
				-672.17643334871059,
				-541.91856892366889,
				3558.1887502463674,
				-506.12375284074574,
				23.787484791153727,
				0.0,
				0.0,
				6908.9542908513722,
				-506.12375284074574,
				4307.0,
				0.0,
				0.0,
				-6908.9542908513722,
				0.0,
				23.787484791153727,
				0.0,
				4307.0,
				0.0,
				506.12375284074574,
				-23.787484791153727,
				0.0,
				0.0,
				0.0,
				4307.0
			],
			"source_node_id" : 2,
			"target_node_id" : 4,
			"transformation" : 
			[
				0.99298138009548575,
				0.020805556391891078,
				0.11642640425130571,
				0.0,
				-0.044469009781203495,
				0.97785060838173921,
				0.20452553595221767,
				0.0,
				-0.10959236265700202,
				-0.20826741586404368,
				0.97191264912880437,
				0.0,
				0.88850366973485939,
				0.68829149273197654,
				0.18706920034519747,
				1.0
			],
			"uncertain" : true,
			"version_major" : 1,
			"version_minor" : 0
		},
		{
			"class_name" : "PoseGraphEdge",
			"confidence" : 1.0,
			"information" : 
			[
				14676.160992883906,
				-1.3509675230610685,
				-1904.0451934180594,
				0.0,
				-6555.0487983916473,
				-1254.148583720561,
				-1.3509675230610685,
				15383.405602838022,
				2843.7695074749336,
				6555.0487983916473,
				0.0,
				-988.98709366883111,
				-1904.0451934180594,
				2843.7695074749336,
				2926.3729036484042,
				1254.148583720561,
				988.98709366883111,
				0.0,
				0.0,
				6555.0487983916473,
				1254.148583720561,
				3267.0,
				0.0,
				0.0,
				-6555.0487983916473,
				0.0,
				988.98709366883111,
				0.0,
				3267.0,
				0.0,
				-1254.148583720561,
				-988.98709366883111,
				0.0,
				0.0,
				0.0,
				3267.0
			],
			"source_node_id" : 2,
			"target_node_id" : 5,
			"transformation" : 
			[
				0.97098041224048492,
				0.10729637447716539,
				-0.21373939054220334,
				0.0,
				-0.058955992521810746,
				0.97351837754476633,
				0.22087589168665275,
				0.0,
				0.23177840708544203,
				-0.20186494645346811,
				0.95159303980339893,
				0.0,
				0.86981416131966838,
				0.21722677935105938,
				0.41246345764873138,
				1.0
			],
			"uncertain" : true,
			"version_major" : 1,
			"version_minor" : 0
		},
		{
			"class_name" : "PoseGraphEdge",
			"confidence" : 1.0,
			"information" : 
			[
				3111.686436128859,
				142.0775096370387,
				-302.9930372099173,
				0.0,
				-1838.1685875092905,
				-182.66482826443692,
				142.0775096370387,
				3261.8760172209168,
				389.68060930084869,
				1838.1685875092905,
				0.0,
				-180.32033137526008,
				-302.9930372099173,
				389.68060930084869,
				547.65603692579009,
				182.66482826443692,
				180.32033137526008,
				0.0,
				0.0,
				1838.1685875092905,
				182.66482826443692,
				1231.0,
				0.0,
				0.0,
				-1838.1685875092905,
				0.0,
				180.32033137526008,
				0.0,
				1231.0,
				0.0,
				-182.66482826443692,
				-180.32033137526008,
				0.0,
				0.0,
				0.0,
				1231.0
			],
			"source_node_id" : 2,
			"target_node_id" : 9,
			"transformation" : 
			[
				0.81690694238829054,
				-0.56979272436335948,
				0.089438798853720053,
				0.0,
				0.576450311363645,
				0.80142062497513056,
				-0.15946792904289309,
				0.0,
				0.019185567663559458,
				0.18182748177064001,
				0.98314326568734423,
				0.0,
				0.57250353817661503,
				-0.45228468678695982,
				-0.19272979437451965,
				1.0
			],
			"uncertain" : true,
			"version_major" : 1,
			"version_minor" : 0
		},
		{
			"class_name" : "PoseGraphEdge",
			"confidence" : 1.0,
			"information" : 
			[
				5846.1583689076861,
				292.77521686625528,
				-383.5174191044822,
				0.0,
				-2883.9710812520434,
				-229.06909576900622,
				292.77521686625528,
				6212.5067747936209,
				748.54481510862581,
				2883.9710812520434,
				0.0,
				-98.053713139336011,
				-383.5174191044822,
				748.54481510862581,
				1290.5040546661621,
				229.06909576900622,
				98.053713139336011,
				0.0,
				0.0,
				2883.9710812520434,
				229.06909576900622,
				1668.0,
				0.0,
				0.0,
				-2883.9710812520434,
				0.0,
				98.053713139336011,
				0.0,
				1668.0,
				0.0,
				-229.06909576900622,
				-98.053713139336011,
				0.0,
				0.0,
				0.0,
				1668.0
			],
			"source_node_id" : 2,
			"target_node_id" : 10,
			"transformation" : 
			[
				-0.56487177475666495,
				0.54220159580478589,
				-0.6220428502844475,
				0.0,
				-0.58167351837870296,
				0.27305683857411001,
				0.76622182227136582,
				0.0,
				0.58529974893228542,
				0.79464293391098351,
				0.16114220888751563,
				0.0,
				-1.2593319905127078,
				-0.85540688581799063,
				1.1503670216344943,
				1.0
			],
			"uncertain" : true,
			"version_major" : 1,
			"version_minor" : 0
		},
		{
			"class_name" : "PoseGraphEdge",
			"confidence" : 1.0,
			"information" : 
			[
				3959.9652900160936,
				-7.9317934378840071,
				-3420.5636684305655,
				0.0,
				-2498.9256797054845,
				-55.150361997769252,
				-7.9317934378840071,
				7385.0857302126824,
				321.43896648574713,
				2498.9256797054845,
				0.0,
				-2608.3183149280626,
				-3420.5636684305655,
				321.43896648574713,
				4305.9402643089434,
				55.150361997769252,
				2608.3183149280626,
				0.0,
				0.0,
				2498.9256797054845,
				55.150361997769252,
				1907.0,
				0.0,
				0.0,
				-2498.9256797054845,
				0.0,
				2608.3183149280626,
				0.0,
				1907.0,
				0.0,
				-55.150361997769252,
				-2608.3183149280626,
				0.0,
				0.0,
				0.0,
				1907.0
			],
			"source_node_id" : 2,
			"target_node_id" : 12,
			"transformation" : 
			[
				0.42193749636448319,
				0.4695730809067834,
				-0.77554488641817754,
				0.0,
				-0.18736860564021057,
				0.88211662225737775,
				0.43216116248186731,
				0.0,
				0.88705228413105142,
				-0.037032234943994213,
				0.46018133251245397,
				0.0,
				0.69600637765369011,
				0.14667524542412813,
				0.15214014132071646,
				1.0
			],
			"uncertain" : true,
			"version_major" : 1,
			"version_minor" : 0
		},
		{
			"class_name" : "PoseGraphEdge",
			"confidence" : 1.0,
			"information" : 
			[
				21890.194585994508,
				942.44330748462971,
				-3366.1249456376904,
				0.0,
				-8564.4506033908074,
				-3484.3688287161044,
				942.44330748462971,
				20071.301258801217,
				7610.6583854863047,
				8564.4506033908074,
				0.0,
				-1900.544409112777,
				-3366.1249456376904,
				7610.6583854863047,
				6885.7953501788807,
				3484.3688287161044,
				1900.544409112777,
				0.0,
				0.0,
				8564.4506033908074,
				3484.3688287161044,
				4355.0,
				0.0,
				0.0,
				-8564.4506033908074,
				0.0,
				1900.544409112777,
				0.0,
				4355.0,
				0.0,
				-3484.3688287161044,
				-1900.544409112777,
				0.0,
				0.0,
				0.0,
				4355.0
			],
			"source_node_id" : 2,
			"target_node_id" : 13,
			"transformation" : 
			[
				0.77509985687134375,
				0.34975303596631607,
				-0.52620625776435559,
				0.0,
				-0.13327197948165853,
				0.90457975962341564,
				0.40493707901930143,
				0.0,
				0.61762350292315071,
				-0.24373812240186865,
				0.74775192164577431,
				0.0,
				0.07670530941889464,
				-0.17887101981333048,
				0.53509549486921859,
				1.0
			],
			"uncertain" : true,
			"version_major" : 1,
			"version_minor" : 0
		},
		{
			"class_name" : "PoseGraphEdge",
			"confidence" : 1.0,
			"information" : 
			[
				8262.3577652319418,
				-211.29859516589332,
				-1295.7419266266782,
				0.0,
				-4343.8523774075793,
				346.24698975063978,
				-211.29859516589332,
				8658.3161632346309,
				-426.30630640227827,
				4343.8523774075793,
				0.0,
				-625.40082985195716,
				-1295.7419266266782,
				-426.30630640227827,
				1613.5809206427102,
				-346.24698975063978,
				625.40082985195716,
				0.0,
				0.0,
				4343.8523774075793,
				-346.24698975063978,
				2565.0,
				0.0,
				0.0,
				-4343.8523774075793,
				0.0,
				625.40082985195716,
				0.0,
				2565.0,
				0.0,
				346.24698975063978,
				-625.40082985195716,
				0.0,
				0.0,
				0.0,
				2565.0
			],
			"source_node_id" : 3,
			"target_node_id" : 4,
			"transformation" : 
			[
				0.94649218641479638,
				-0.058009803232552289,
				0.31747031953343596,
				0.0,
				0.063934518378294239,
				0.9979198571734208,
				-0.0082665602712665171,
				0.0,
				-0.31633039439086169,
				0.028121546684054002,
				0.94823217631370316,
				0.0,
				0.69377608041486094,
				0.41989992585737324,
				-0.015393628781356737,
				1.0
			],
			"uncertain" : false,
			"version_major" : 1,
			"version_minor" : 0
		},
		{
			"class_name" : "PoseGraphEdge",
			"confidence" : 1.0,
			"information" : 
			[
				11787.42447656691,
				409.44276194191622,
				-2938.2841596584803,
				0.0,
				-5331.2695816666974,
				-973.8073238666301,
				409.44276194191622,
				12375.505796571415,
				2183.6072963331221,
				5331.2695816666974,
				0.0,
				-1456.9291009766539,
				-2938.2841596584803,
				2183.6072963331221,
				2246.6499970924419,
				973.8073238666301,
				1456.9291009766539,
				0.0,
				0.0,
				5331.2695816666974,
				973.8073238666301,
				2662.0,
				0.0,
				0.0,
				-5331.2695816666974,
				0.0,
				1456.9291009766539,
				0.0,
				2662.0,
				0.0,
				-973.8073238666301,
				-1456.9291009766539,
				0.0,
				0.0,
				0.0,
				2662.0
			],
			"source_node_id" : 3,
			"target_node_id" : 5,
			"transformation" : 
			[
				0.99888753081831227,
				0.038327852234433274,
				-0.027471376354138308,
				0.0,
				-0.039548015774470396,
				0.99818839545148297,
				-0.045341830954388596,
				0.0,
				0.025683754086923041,
				0.046377827990210452,
				0.99859373212879388,
				0.0,
				0.57064539021752414,
				-0.14638464176699836,
				0.24784150406342009,
				1.0
			],
			"uncertain" : true,
			"version_major" : 1,
			"version_minor" : 0
		},
		{
			"class_name" : "PoseGraphEdge",
			"confidence" : 1.0,
			"information" : 
			[
				2844.3858145664326,
				33.367064978042677,
				50.479422061932226,
				0.0,
				-1624.7768417018453,
				-229.700790913769,
				33.367064978042677,
				2743.0540124912854,
				449.71216760825769,
				1624.7768417018453,
				0.0,
				58.509307775697799,
				50.479422061932226,
				449.71216760825769,
				490.62785837432523,
				229.700790913769,
				-58.509307775697799,
				0.0,
				0.0,
				1624.7768417018453,
				229.700790913769,
				1066.0,
				0.0,
				0.0,
				-1624.7768417018453,
				0.0,
				-58.509307775697799,
				0.0,
				1066.0,
				0.0,
				-229.700790913769,
				58.509307775697799,
				0.0,
				0.0,
				0.0,
				1066.0
			],
			"source_node_id" : 3,
			"target_node_id" : 9,
			"transformation" : 
			[
				-0.8222886135012879,
				0.39757110150344521,
				-0.4071592506077541,
				0.0,
				-0.56533460674640512,
				-0.48885482011091358,
				0.66439276581643569,
				0.0,
				0.06510160152421246,
				0.7765038210489783,
				0.62674045455461003,
				0.0,
				-0.46348960399226641,
				-1.6701039147176435,
				0.62725978393387294,
				1.0
			],
			"uncertain" : true,
			"version_major" : 1,
			"version_minor" : 0
		},
		{
			"class_name" : "PoseGraphEdge",
			"confidence" : 1.0,
			"information" : 
			[
				14583.223166688535,
				1474.7540320034907,
				-3772.6630533953994,
				0.0,
				-5970.2319068407432,
				-2521.6918590460614,
				1474.7540320034907,
				13826.685810548197,
				5112.1659528013042,
				5970.2319068407432,
				0.0,
				-2018.9773351729259,
				-3772.6630533953994,
				5112.1659528013042,
				4874.6817792512647,
				2521.6918590460614,
				2018.9773351729259,
				0.0,
				0.0,
				5970.2319068407432,
				2521.6918590460614,
				3096.0,
				0.0,
				0.0,
				-5970.2319068407432,
				0.0,
				2018.9773351729259,
				0.0,
				3096.0,
				0.0,
				-2521.6918590460614,
				-2018.9773351729259,
				0.0,
				0.0,
				0.0,
				3096.0
			],
			"source_node_id" : 3,
			"target_node_id" : 13,
			"transformation" : 
			[
				0.90573552580436845,
				0.21720235865497212,
				-0.36395919096871482,
				0.0,
				-0.14606098924663752,
				0.96606375116308474,
				0.21304228713803169,
				0.0,
				0.39788106855714828,
				-0.13979972848123384,
				0.90672305099208494,
				0.0,
				-0.092569639289928451,
				-0.43018609638670313,
				0.41712068437020133,
				1.0
			],
			"uncertain" : true,
			"version_major" : 1,
			"version_minor" : 0
		},
		{
			"class_name" : "PoseGraphEdge",
			"confidence" : 1.0,
			"information" : 
			[
				11135.218751345856,
				22.318357701143523,
				-1113.5176395393826,
				0.0,
				-5127.4316894393542,
				-955.58522885912805,
				22.318357701143523,
				11799.843940320412,
				2169.9027281413228,
				5127.4316894393542,
				0.0,
				-534.6510845590318,
				-1113.5176395393826,
				2169.9027281413228,
				2283.1346680089464,
				955.58522885912805,
				534.6510845590318,
				0.0,
				0.0,
				5127.4316894393542,
				955.58522885912805,
				2690.0,
				0.0,
				0.0,
				-5127.4316894393542,
				0.0,
				534.6510845590318,
				0.0,
				2690.0,
				0.0,
				-955.58522885912805,
				-534.6510845590318,
				0.0,
				0.0,
				0.0,
				2690.0
			],
			"source_node_id" : 4,
			"target_node_id" : 5,
			"transformation" : 
			[
				0.93486142994261967,
				0.098666753233171756,
				-0.34102636058239033,
				0.0,
				-0.094636631477284919,
				0.99510448579530641,
				0.028477540846976322,
				0.0,
				0.34216664768541943,
				0.0056510314530218405,
				0.93962229169770151,
				0.0,
				-0.0037388300765971985,
				-0.55565579311359736,
				0.50083354934473312,
				1.0
			],
			"uncertain" : false,
			"version_major" : 1,
			"version_minor" : 0
		},
		{
			"class_name" : "PoseGraphEdge",
			"confidence" : 1.0,
			"information" : 
			[
				3102.2845889676037,
				-22.068204487564017,
				140.90074388123986,
				0.0,
				-1930.8438075466797,
				-217.69599131792924,
				-22.068204487564017,
				3278.5390037272664,
				420.00502602445914,
				1930.8438075466797,
				0.0,
				138.91945801004368,
				140.90074388123986,
				420.00502602445914,
				476.10892071101483,
				217.69599131792924,
				-138.91945801004368,
				0.0,
				0.0,
				1930.8438075466797,
				217.69599131792924,
				1341.0,
				0.0,
				0.0,
				-1930.8438075466797,
				0.0,
				-138.91945801004368,
				0.0,
				1341.0,
				0.0,
				-217.69599131792924,
				138.91945801004368,
				0.0,
				0.0,
				0.0,
				1341.0
			],
			"source_node_id" : 4,
			"target_node_id" : 7,
			"transformation" : 
			[
				-0.64063357593710446,
				-0.24289398984359595,
				0.72841686627912305,
				0.0,
				-0.76569105283003791,
				0.13104870994439999,
				-0.62971695803585859,
				0.0,
				0.057496373781880078,
				-0.96116010389516682,
				-0.26993595848305724,
				0.0,
				0.31695069837272605,
				1.7052559092359687,
				1.6924657800236955,
				1.0
			],
			"uncertain" : true,
			"version_major" : 1,
			"version_minor" : 0
		},
		{
			"class_name" : "PoseGraphEdge",
			"confidence" : 1.0,
			"information" : 
			[
				4440.9295539630293,
				516.97991149750283,
				-1021.871687390773,
				0.0,
				-2027.5730753802738,
				-740.87640743992483,
				516.97991149750283,
				4406.3830759138582,
				1428.0521060443223,
				2027.5730753802738,
				0.0,
				-481.61173468858095,
				-1021.871687390773,
				1428.0521060443223,
				1310.1215352234883,
				740.87640743992483,
				481.61173468858095,
				0.0,
				0.0,
				2027.5730753802738,
				740.87640743992483,
				1110.0,
				0.0,
				0.0,
				-2027.5730753802738,
				0.0,
				481.61173468858095,
				0.0,
				1110.0,
				0.0,
				-740.87640743992483,
				-481.61173468858095,
				0.0,
				0.0,
				0.0,
				1110.0
			],
			"source_node_id" : 4,
			"target_node_id" : 9,
			"transformation" : 
			[
				0.52810990427981275,
				-0.70633608940877324,
				0.47136955544486492,
				0.0,
				-0.30387582922183343,
				-0.6755265243599069,
				-0.67180606971131784,
				0.0,
				0.79294350959971394,
				0.21154962463910543,
				-0.5713907129965824,
				0.0,
				-0.78836725827861387,
				-1.000303221397993,
				2.890999284062743,
				1.0
			],
			"uncertain" : true,
			"version_major" : 1,
			"version_minor" : 0
		},
		{
			"class_name" : "PoseGraphEdge",
			"confidence" : 1.0,
			"information" : 
			[
