{
	"class_name" : "PoseGraph",
	"edges" : 
	[
		{
			"class_name" : "PoseGraphEdge",
			"confidence" : 1.0,
			"information" : 
			[
				97304.533001650052,
				-843.14930043021445,
				1807.2133473389954,
				0.0,
				-56648.510686514688,
				-2948.801252235543,
				-843.14930043021445,
				99031.346894493618,
				5521.5568819177797,
				56648.510686514688,
				0.0,
				1361.8612741850154,
				1807.2133473389954,
				5521.5568819177797,
				14272.165723207725,
				2948.801252235543,
				-1361.8612741850154,
				0.0,
				0.0,
				56648.510686514688,
				2948.801252235543,
				35941.0,
				0.0,
				0.0,
				-56648.510686514688,
				0.0,
				-1361.8612741850154,
				0.0,
				35941.0,
				0.0,
				-2948.801252235543,
				1361.8612741850154,
				0.0,
				0.0,
				0.0,
				35941.0
			],
			"source_node_id" : 0,
			"target_node_id" : 1,
			"transformation" : 
			[
				0.99374873482638915,
				0.031048160515815468,
				-0.10723555268440796,
				0.0,
				-0.032752370610897405,
				0.99936308165464849,
				-0.014167330202709523,
				0.0,
				0.1067273828514171,
				0.017590985028994244,
				0.9941326988865099,
				0.0,
				0.076512530029540754,
				-0.1930509895182633,
				0.056965955654053803,
				1.0
			],
			"uncertain" : false,
			"version_major" : 1,
			"version_minor" : 0
		},
		{
			"class_name" : "PoseGraphEdge",
			"confidence" : 0.99902201129783264,
			"information" : 
			[
				123052.29912805077,
				-1792.2175184273676,
				6626.6883033775221,
				0.0,
				-65510.28284811772,
				-8859.8046876070002,
				-1792.2175184273676,
				123259.32610289288,
				17534.135308844114,
				65510.28284811772,
				0.0,
				3785.6723221134389,
				6626.6883033775221,
				17534.135308844114,
				19651.550983782792,
				8859.8046876070002,
				-3785.6723221134389,
				0.0,
				0.0,
				65510.28284811772,
				8859.8046876070002,
				38722.0,
				0.0,
				0.0,
				-65510.28284811772,
				0.0,
				-3785.6723221134389,
				0.0,
				38722.0,
				0.0,
				-8859.8046876070002,
				3785.6723221134389,
				0.0,
				0.0,
				0.0,
				38722.0
			],
			"source_node_id" : 0,
			"target_node_id" : 2,
			"transformation" : 
			[
				0.98089334155717722,
				0.010644001039832391,
				-0.19425487826734236,
				0.0,
				-0.056187198563777262,
				0.97145151403065655,
				-0.23048851295693837,
				0.0,
				0.18625587562906745,
				0.23699928508206533,
				0.95348837835824785,
				0.0,
				-0.068186951720265079,
				-0.58734704429254958,
				0.19419276259245083,
				1.0
			],
			"uncertain" : true,
			"version_major" : 1,
			"version_minor" : 0
		},
		{
			"class_name" : "PoseGraphEdge",
			"confidence" : 0.99935108155133723,
			"information" : 
			[
				124110.42487450113,
				4033.9203383349759,
				-25693.365416917317,
				0.0,
				-63228.622581654177,
				-11558.129041405547,
				4033.9203383349759,
				126505.37735899289,
				21692.337184331642,
				63228.622581654177,
				0.0,
				-14789.289291139612,
				-25693.365416917317,
				21692.337184331642,
				24491.838063000338,
				11558.129041405547,
				14789.289291139612,
				0.0,
				0.0,
				63228.622581654177,
				11558.129041405547,
				35759.0,
				0.0,
				0.0,
				-63228.622581654177,
				0.0,
				14789.289291139612,
				0.0,
				35759.0,
				0.0,
				-11558.129041405547,
				-14789.289291139612,
				0.0,
				0.0,
				0.0,
				35759.0
			],
			"source_node_id" : 0,
			"target_node_id" : 3,
			"transformation" : 
			[
				0.9114539328411575,
				0.13679080961761378,
				-0.38799484882217894,
				0.0,
				-0.14280247062434603,
				0.98965981752028798,
				0.013449905921350008,
				0.0,
				0.38582273480443163,
				0.043147653352968218,
				0.92156339842582824,
				0.0,
				0.20800914225350509,
				-0.34329954804671298,
				0.20953369460517415,
				1.0
			],
			"uncertain" : true,
			"version_major" : 1,
			"version_minor" : 0
		},
		{
			"class_name" : "PoseGraphEdge",
			"confidence" : 0.98970904324056608,
			"information" : 
			[
				96538.369698168695,
				-2135.7820266136632,
				-22247.470272819559,
				0.0,
				-49753.052455174853,
				1839.7993055693491,
				-2135.7820266136632,
				100610.54205277906,
				-2551.3098943904397,
				49753.052455174853,
				0.0,
				-11788.944181995406,
				-22247.470272819559,
				-2551.3098943904397,
				15809.28022098092,
				-1839.7993055693491,
				11788.944181995406,
				0.0,
				0.0,
				49753.052455174853,
				-1839.7993055693491,
				27662.0,
				0.0,
				0.0,
				-49753.052455174853,
				0.0,
				11788.944181995406,
				0.0,
				27662.0,
				0.0,
				1839.7993055693491,
				-11788.944181995406,
				0.0,
				0.0,
				0.0,
				27662.0
			],
			"source_node_id" : 0,
			"target_node_id" : 4,
			"transformation" : 
			[
				0.99320613392840085,
				0.07723311009750565,
				-0.08704379490617313,
				0.0,
				-0.080466196105749954,
				0.99616829280200303,
				-0.034262569959292284,
				0.0,
				0.084064063732800148,
				0.041033877718428834,
				0.99561511341889375,
				0.0,
				0.78781834923416061,
				0.082959984595190772,
				0.24735684155501067,
				1.0
			],
			"uncertain" : true,
			"version_major" : 1,
			"version_minor" : 0
		},
		{
			"class_name" : "PoseGraphEdge",
			"confidence" : 0.9987665994848024,
			"information" : 
			[
				102954.00973544766,
				15293.80789873464,
				-37455.206762658294,
				0.0,
				-43982.294295785607,
				-18365.942170504641,
				15293.80789873464,
				104136.64925079927,
				35538.364832509098,
				43982.294295785607,
				0.0,
				-20037.207906251529,
				-37455.206762658294,
				35538.364832509098,
				38108.474160905702,
				18365.942170504641,
				20037.207906251529,
				0.0,
				0.0,
				43982.294295785607,
				18365.942170504641,
				23169.0,
				0.0,
				0.0,
				-43982.294295785607,
				0.0,
				20037.207906251529,
				0.0,
				23169.0,
				0.0,
				-18365.942170504641,
				-20037.207906251529,
				0.0,
				0.0,
				0.0,
				23169.0
			],
			"source_node_id" : 0,
			"target_node_id" : 13,
			"transformation" : 
			[
				0.62678698444397785,
				0.40153738603734396,
				-0.66776178667689701,
				0.0,
				-0.29255336485448036,
				0.91556874697064916,
				0.27594636849017762,
				0.0,
				0.72218460579269239,
				0.022396365439341082,
				0.6913376873649818,
				0.0,
				0.23180522341524668,
				-0.75218122257145481,
				0.47427690920931431,
				1.0
			],
			"uncertain" : true,
			"version_major" : 1,
			"version_minor" : 0
		},
		{
			"class_name" : "PoseGraphEdge",
			"confidence" : 1.0,
			"information" : 
			[
				123091.73984300822,
				-701.83442053510259,
				5044.1817030017537,
				0.0,
				-69281.216659227488,
				-2279.3888235493168,
				-701.83442053510259,
				124291.13850358616,
				6346.8779278509801,
				69281.216659227488,
				0.0,
				3317.3212360002658,
				5044.1817030017537,
				6346.8779278509801,
				16843.207290252649,
				2279.3888235493168,
				-3317.3212360002658,
				0.0,
				0.0,
				69281.216659227488,
				2279.3888235493168,
				42991.0,
				0.0,
				0.0,
				-69281.216659227488,
				0.0,
				-3317.3212360002658,
				0.0,
				42991.0,
				0.0,
				-2279.3888235493168,
				3317.3212360002658,
				0.0,
				0.0,
				0.0,
				42991.0
			],
			"source_node_id" : 1,
			"target_node_id" : 2,
			"transformation" : 
			[
				0.99708165091830292,
				-0.00268966650450709,
				-0.076295131536186458,
				0.0,
				-0.014184533059133201,
				0.9754503801763591,
				-0.21976204138952821,
				0.0,
				0.075013201664265311,
				0.22020290985337257,
				0.97256552379168282,
				0.0,
				-0.14352862176088146,
				-0.4143724711059224,
				0.10160901168283755,
				1.0
			],
			"uncertain" : false,
			"version_major" : 1,
			"version_minor" : 0
		},
		{
			"class_name" : "PoseGraphEdge",
			"confidence" : 0.99955648239799588,
			"information" : 
			[
				114367.82027862075,
				2131.0561182561792,
				-25878.587016133733,
				0.0,
				-60869.869405097001,
				-5657.1539910350593,
				2131.0561182561792,
				118674.91798535694,
				11228.986560593816,
				60869.869405097001,
				0.0,
				-14955.450788257083,
				-25878.587016133733,
				11228.986560593816,
				20588.460414927213,
				5657.1539910350593,
				14955.450788257083,
				0.0,
				0.0,
				60869.869405097001,
				5657.1539910350593,
				35438.0,
				0.0,
				0.0,
				-60869.869405097001,
				0.0,
				14955.450788257083,
				0.0,
				35438.0,
				0.0,
				-5657.1539910350593,
				-14955.450788257083,
				0.0,
				0.0,
				0.0,
				35438.0
			],
			"source_node_id" : 1,
			"target_node_id" : 3,
			"transformation" : 
			[
				0.9547244075927207,
				0.1026361804442163,
				-0.27922593004689084,
				0.0,
				-0.10164689080608474,
				0.99465658628975284,
				0.018060590795185256,
				0.0,
				0.27958758043980564,
				0.011139560773995836,
				0.9600555687300486,
				0.0,
				0.11898518040940427,
				-0.1551458132076167,
				0.17569542261062512,
				1.0
			],
			"uncertain" : true,
			"version_major" : 1,
			"version_minor" : 0
		},
		{
			"class_name" : "PoseGraphEdge",
			"confidence" : 0.99369254194573975,
			"information" : 
			[
				82787.447831122525,
				-3582.5547667137712,
				-20498.05730829083,
				0.0,
				-43234.406046740463,
				5451.7042135747024,
				-3582.5547667137712,
				85666.322401217811,
				-8793.3120229157757,
				43234.406046740463,
				0.0,
				-11257.822209408025,
				-20498.05730829083,
				-8793.3120229157757,
				13836.840847607313,
				-5451.7042135747024,
				11257.822209408025,
				0.0,
				0.0,
				43234.406046740463,
				-5451.7042135747024,
				24576.0,
				0.0,
				0.0,
				-43234.406046740463,
				0.0,
				11257.822209408025,
				0.0,
				24576.0,
				0.0,
				5451.7042135747024,
				-11257.822209408025,
				0.0,
				0.0,
				0.0,
				24576.0
			],
			"source_node_id" : 1,
			"target_node_id" : 4,
			"transformation" : 
			[
				0.99883447819184734,
				0.040468775239324711,
				0.026305197316340397,
				0.0,
				-0.03989081209250335,
				0.99895879419596045,
				-0.022137086735968151,
				0.0,
				-0.027173668979789126,
				0.021061949795405776,
				0.99940881824456218,
				0.0,
				0.73382843996470137,
				0.265146576883246,
				0.19240859856214351,
				1.0
			],
			"uncertain" : true,
			"version_major" : 1,
			"version_minor" : 0
		},
		{
			"class_name" : "PoseGraphEdge",
			"confidence" : 0.9935440150590138,
			"information" : 
			[
				77214.519349135604,
				3741.4099734105848,
				-30209.618351386303,
				0.0,
				-35978.526291250739,
				-5080.821119057543,
				3741.4099734105848,
				86836.507473902166,
				10939.742054409959,
				35978.526291250739,
				0.0,
				-15058.005309194359,
				-30209.618351386303,
				10939.742054409959,
				18291.962340521735,
				5080.821119057543,
				15058.005309194359,
				0.0,
				0.0,
				35978.526291250739,
				5080.821119057543,
				17976.0,
				0.0,
				0.0,
				-35978.526291250739,
				0.0,
				15058.005309194359,
				0.0,
				17976.0,
				0.0,
				-5080.821119057543,
				-15058.005309194359,
				0.0,
				0.0,
				0.0,
				17976.0
			],
			"source_node_id" : 1,
			"target_node_id" : 5,
			"transformation" : 
			[
				0.94290004729734411,
				0.13198409040314757,
				-0.30580990939980984,
				0.0,
				-0.1364379762733848,
				0.99062482923868456,
				0.0068648617065181954,
				0.0,
				0.30384894180676264,
				0.035251206735091425,
				0.95206784053796834,
				0.0,
				0.74371832238353885,
				-0.23613281224023433,
				0.43531914104402375,
				1.0
			],
			"uncertain" : true,
			"version_major" : 1,
			"version_minor" : 0
		},
		{
			"class_name" : "PoseGraphEdge",
			"confidence" : 0.99880347856389273,
			"information" : 
			[
				121597.50390283234,
				16210.948606046009,
				-46518.684999218145,
				0.0,
				-54766.361291205678,
				-19001.818123890807,
				16210.948606046009,
				127922.60878104874,
				36083.205497194918,
				54766.361291205678,
				0.0,
				-24965.423615611126,
				-46518.684999218145,
				36083.205497194918,
				42104.111250847869,
				19001.818123890807,
				24965.423615611126,
				0.0,
				0.0,
				54766.361291205678,
				19001.818123890807,
				29286.0,
				0.0,
				0.0,
				-54766.361291205678,
				0.0,
				24965.423615611126,
				0.0,
				29286.0,
				0.0,
				-19001.818123890807,
				-24965.423615611126,
				0.0,
				0.0,
				0.0,
				29286.0
			],
			"source_node_id" : 1,
			"target_node_id" : 13,
			"transformation" : 
			[
				0.71770223467572181,
				0.36864283037961759,
				-0.59076726885566533,
				0.0,
				-0.25808049918627629,
				0.92877498410955439,
				0.26602910523485962,
				0.0,
				0.64675958306100068,
				-0.038464171666657512,
				0.76172340729214816,
				0.0,
				0.11056215607078813,
				-0.58947714969031384,
				0.51681134783874216,
				1.0
			],
			"uncertain" : true,
			"version_major" : 1,
			"version_minor" : 0
		},
		{
			"class_name" : "PoseGraphEdge",
			"confidence" : 1.0,
			"information" : 
			[
				149538.90186063561,
				175.29983077840515,
				-14981.059147250668,
				0.0,
				-77359.099119355218,
				-10499.139584722157,
				175.29983077840515,
				152670.81886686335,
				21228.178910953997,
				77359.099119355218,
				0.0,
				-8459.3768309957904,
				-14981.059147250668,
				21228.178910953997,
				30592.555629901723,
				10499.139584722157,
				8459.3768309957904,
				0.0,
				0.0,
				77359.099119355218,
				10499.139584722157,
				45263.0,
				0.0,
				0.0,
				-77359.099119355218,
				0.0,
				8459.3768309957904,
				0.0,
				45263.0,
				0.0,
				-10499.139584722157,
				-8459.3768309957904,
				0.0,
				0.0,
				0.0,
				45263.0
			],
			"source_node_id" : 2,
			"target_node_id" : 3,
			"transformation" : 
			[
				0.97457164420975273,
				0.079572136968700871,
				-0.20947168142863823,
				0.0,
				-0.031050032808985432,
				0.97376157253639894,
				0.22544244346171824,
				0.0,
				0.22191441089948891,
				-0.21320571021823706,
				0.95147113427863972,
				0.0,
				0.21635207102461626,
				0.27583181623063135,
				0.14367832299590036,
				1.0
			],
			"uncertain" : false,
			"version_major" : 1,
			"version_minor" : 0
		},
		{
			"class_name" : "PoseGraphEdge",
			"confidence" : 0.99840125005021252,
			"information" : 
			[
				133793.42297084245,
				-3493.3622161467674,
				-5092.240294873176,
				0.0,
				-73663.880859912242,
				6257.6123613207774,
				-3493.3622161467674,
				147507.43947413331,
				-6487.1372236402494,
				73663.880859912242,
				0.0,
				817.41723196290923,
				-5092.240294873176,
				-6487.1372236402494,
				35197.56999959801,
				-6257.6123613207774,
				-817.41723196290923,
				0.0,
				0.0,
				73663.880859912242,
				-6257.6123613207774,
				46780.0,
				0.0,
				0.0,
				-73663.880859912242,
				0.0,
				-817.41723196290923,
				0.0,
				46780.0,
				0.0,
				6257.6123613207774,
				817.41723196290923,
				0.0,
				0.0,
				0.0,
				46780.0
			],
			"source_node_id" : 2,
			"target_node_id" : 4,
			"transformation" : 
			[
				0.99374966784880414,
				0.021246665035106905,
				0.10959095252472927,
				0.0,
				-0.042658580812825343,
				0.9794903433286517,
				0.19692362176477241,
				0.0,
				-0.103159309485025,
				-0.20036777822495686,
				0.97427455592136258,
				0.0,
				0.86674418561116628,
				0.68894305866937255,
				0.18755323888713304,
				1.0
			],
			"uncertain" : true,
			"version_major" : 1,
			"version_minor" : 0
		},
		{
			"class_name" : "PoseGraphEdge",
			"confidence" : 0.99890652129126478,
			"information" : 
			[
				139758.71109411048,
				479.20264565562474,
				-18026.922587366385,
				0.0,
				-64840.543611378875,
				-11324.557865810644,
				479.20264565562474,
				145814.08598304071,
				25267.67101853,
				64840.543611378875,
				0.0,
				-9401.8672461053811,
				-18026.922587366385,
				25267.67101853,
				24522.843530831218,
				11324.557865810644,
				9401.8672461053811,
				0.0,
				0.0,
				64840.543611378875,
				11324.557865810644,
				33323.0,
				0.0,
				0.0,
				-64840.543611378875,
				0.0,
				9401.8672461053811,
				0.0,
				33323.0,
				0.0,
				-11324.557865810644,
				-9401.8672461053811,
				0.0,
				0.0,
				0.0,
				33323.0
			],
			"source_node_id" : 2,
			"target_node_id" : 5,
			"transformation" : 
			[
				0.96482991100290294,
				0.11934116956427877,
				-0.23422409799412003,
				0.0,
				-0.065937179728519146,
				0.97239322946142326,
				0.22383854812572906,
				0.0,
				0.25447108119308626,
				-0.20052205002097789,
				0.9460630931876638,
				0.0,
				0.80823804363584162,
				0.21349817054611633,
				0.39785482650900161,
				1.0
			],
			"uncertain" : true,
			"version_major" : 1,
			"version_minor" : 0
		},
		{
			"class_name" : "PoseGraphEdge",
			"confidence" : 0.98627717725610853,
			"information" : 
			[
				46525.200021761302,
				-1383.2691381838515,
				-41814.149899519973,
				0.0,
				-31118.546271970103,
				438.45148308537944,
				-1383.2691381838515,
				89516.280867969996,
				2143.1812875865667,
				31118.546271970103,
				0.0,
				-33069.030250787648,
				-41814.149899519973,
				2143.1812875865667,
				52733.979312315358,
				-438.45148308537944,
				33069.030250787648,
				0.0,
				0.0,
				31118.546271970103,
				-438.45148308537944,
				24928.0,
				0.0,
				0.0,
				-31118.546271970103,
				0.0,
				33069.030250787648,
				0.0,
				24928.0,
				0.0,
				438.45148308537944,
				-33069.030250787648,
				0.0,
				0.0,
				0.0,
				24928.0
			],
			"source_node_id" : 2,
			"target_node_id" : 12,
			"transformation" : 
			[
				0.3142175750880809,
				0.4763253405686374,
				-0.82120733401373081,
				0.0,
				-0.13726232334653504,
				0.87872496592205818,
				0.45716680637901702,
				0.0,
				0.93937552134132007,
				-0.03092901869523812,
				0.3414923508766663,
				0.0,
				0.56954539176871577,
				0.14940127033655132,
				0.22129188024915947,
				1.0
			],
			"uncertain" : true,
			"version_major" : 1,
			"version_minor" : 0
		},
		{
			"class_name" : "PoseGraphEdge",
			"confidence" : 0.99868024131824984,
			"information" : 
			[
				236848.94842768437,
				11060.521943837053,
				-40083.232699962951,
				0.0,
				-97174.561893015489,
				-36676.02956266173,
				11060.521943837053,
				220266.41695831812,
				77990.250386020649,
				97174.561893015489,
				0.0,
				-22179.753131265323,
				-40083.232699962951,
				77990.250386020649,
				68882.314043251303,
				36676.02956266173,
				22179.753131265323,
				0.0,
				0.0,
				97174.561893015489,
				36676.02956266173,
				50440.0,
				0.0,
				0.0,
				-97174.561893015489,
				0.0,
				22179.753131265323,
				0.0,
				50440.0,
				0.0,
				-36676.02956266173,
				-22179.753131265323,
				0.0,
				0.0,
				0.0,
				50440.0
			],
			"source_node_id" : 2,
			"target_node_id" : 13,
			"transformation" : 
			[
				0.76930760453497027,
				0.34853958265123397,
				-0.53543063876656272,
				0.0,
				-0.1063929943236854,
				0.8962683446327101,
				0.4305619411515394,
				0.0,
				0.62995741154740448,
				-0.27426850664019869,
				0.72658822306850546,
				0.0,
				0.10714164818807613,
				-0.13606417850752789,
				0.54921466086067294,
				1.0
			],
			"uncertain" : true,
			"version_major" : 1,
			"version_minor" : 0
		},
		{
			"class_name" : "PoseGraphEdge",
			"confidence" : 1.0,
			"information" : 
			[
				136850.09846084594,
				-3406.9939734569653,
				-19734.487819399343,
				0.0,
				-72881.974977504564,
				5814.9376045927238,
				-3406.9939734569653,
				142471.55371398709,
				-7104.6640306983727,
				72881.974977504564,
				0.0,
				-9618.617647901332,
				-19734.487819399343,
				-7104.6640306983727,
				24868.519981596372,
				-5814.9376045927238,
				9618.617647901332,
				0.0,
				0.0,
				72881.974977504564,
				-5814.9376045927238,
				43347.0,
				0.0,
				0.0,
				-72881.974977504564,
				0.0,
				9618.617647901332,
				0.0,
				43347.0,
				0.0,
				5814.9376045927238,
				-9618.617647901332,
				0.0,
				0.0,
				0.0,
				43347.0
			],
			"source_node_id" : 3,
			"target_node_id" : 4,
			"transformation" : 
			[
				0.94740678918482801,
				-0.057658669430114426,
				0.31479493904134975,
				0.0,
				0.063358773108417588,
				0.99795958064580748,
				-0.0078956486398172477,
				0.0,
				-0.3136973727602696,
				0.027425412244779672,
				0.9491268645900357,
				0.0,
				0.69042256047988682,
				0.4209148239756047,
				-0.015330556122615781,
				1.0
			],
			"uncertain" : false,
			"version_major" : 1,
			"version_minor" : 0
		},
		{
			"class_name" : "PoseGraphEdge",
			"confidence" : 0.99901301058691894,
			"information" : 
			[
				130959.96668340387,
				4157.2300910242475,
				-32306.490833047654,
				0.0,
				-60165.497461102881,
				-10479.49385159433,
				4157.2300910242475,
				137184.42651864883,
				23248.591772542604,
				60165.497461102881,
				0.0,
				-16153.025280786282,
				-32306.490833047654,
				23248.591772542604,
				23132.41975840148,
				10479.49385159433,
				16153.025280786282,
				0.0,
				0.0,
				60165.497461102881,
				10479.49385159433,
				30288.0,
				0.0,
				0.0,
				-60165.497461102881,
				0.0,
				16153.025280786282,
				0.0,
				30288.0,
				0.0,
				-10479.49385159433,
				-16153.025280786282,
				0.0,
				0.0,
				0.0,
				30288.0
			],
			"source_node_id" : 3,
			"target_node_id" : 5,
			"transformation" : 
			[
				0.99890846875549932,
				0.040827137589696749,
				-0.02269396141653807,
				0.0,
				-0.041048075327266793,
				0.99911336462130151,
				-0.0093562891698065163,
				0.0,
				0.022291849642199015,
				0.01027761992554526,
				0.99969867658619871,
				0.0,
				0.60839917111112918,
				-0.081097166313648661,
				0.26020365711568089,
				1.0
			],
			"uncertain" : true,
			"version_major" : 1,
			"version_minor" : 0
		},
		{
			"class_name" : "PoseGraphEdge",
			"confidence" : 0.99871779669146532,
			"information" : 
			[
				167684.57303726062,
				15815.742924824201,
				-43480.548674473175,
				0.0,
				-70238.031001422394,
				-28186.11571374672,
				15815.742924824201,
				160069.4311395296,
				56743.459500956342,
				70238.031001422394,
				0.0,
				-23226.463525174284,
				-43480.548674473175,
				56743.459500956342,
				52833.216219407223,
				28186.11571374672,
				23226.463525174284,
				0.0,
				0.0,
				70238.031001422394,
				28186.11571374672,
				36609.0,
				0.0,
				0.0,
				-70238.031001422394,
				0.0,
				23226.463525174284,
				0.0,
				36609.0,
				0.0,
				-28186.11571374672,
				-23226.463525174284,
				0.0,
				0.0,
				0.0,
				36609.0
			],
			"source_node_id" : 3,
			"target_node_id" : 13,
			"transformation" : 
			[
				0.89149512410551013,
				0.25099237801886082,
				-0.37714621816019783,
				0.0,
				-0.17894991833646631,
				0.95989632768306865,
				0.2158146585103313,
				0.0,
				0.4161891041623676,
				-0.12490743083178128,
				0.90065796132579101,
				0.0,
				-0.10177559319387149,
				-0.44883076685988788,
				0.43986549091782257,
				1.0
			],
			"uncertain" : true,
			"version_major" : 1,
			"version_minor" : 0
		},
		{
			"class_name" : "PoseGraphEdge",
			"confidence" : 1.0,
			"information" : 
			[
				189093.2747981649,
				22.070223328860866,
				-16286.596330701499,
				0.0,
				-88744.92346402361,
				-15938.360145440316,
				22.070223328860866,
				199329.83621161565,
				35988.768328169594,
				88744.92346402361,
				0.0,
				-8013.5984383026271,
				-16286.596330701499,
				35988.768328169594,
				35337.795675451358,
				15938.360145440316,
				8013.5984383026271,
				0.0,
				0.0,
				88744.92346402361,
				15938.360145440316,
				47116.0,
				0.0,
				0.0,
				-88744.92346402361,
				0.0,
				8013.5984383026271,
				0.0,
				47116.0,
				0.0,
				-15938.360145440316,
				-8013.5984383026271,
				0.0,
				0.0,
				0.0,
				47116.0
			],
			"source_node_id" : 4,
			"target_node_id" : 5,
			"transformation" : 
			[
				0.93379373032353885,
				0.099353126109650261,
				-0.3437415097725261,
				0.0,
				-0.095050821941204719,
				0.99503849677776013,
				0.029389303812062485,
				0.0,
				0.34495595437208543,
				0.0052293654009117523,
				0.93860430602077938,
				0.0,
				-0.0089963635522108815,
				-0.5546061145908382,
				0.5003496975170002,
				1.0
			],
			"uncertain" : false,
			"version_major" : 1,
			"version_minor" : 0
		},
		{
			"class_name" : "PoseGraphEdge",
			"confidence" : 0.99338271084378016,
			"information" : 
			[
				247762.10834404119,
				4989.9736383952286,
				-19274.75732674442,
				0.0,
				-94411.974811945081,
				-44238.076376615332,
				4989.9736383952286,
				221012.62691871234,
				95120.778133707703,
				94411.974811945081,
				0.0,
				-11665.030964684687,
				-19274.75732674442,
				95120.778133707703,
				79209.002330351068,
				44238.076376615332,
				11665.030964684687,
				0.0,
				0.0,
				94411.974811945081,
				44238.076376615332,
				47618.0,
				0.0,
				0.0,
				-94411.974811945081,
				0.0,
				11665.030964684687,
				0.0,
				47618.0,
				0.0,
				-44238.076376615332,
				-11665.030964684687,
				0.0,
				0.0,
				0.0,
				47618.0
			],
			"source_node_id" : 4,
			"target_node_id" : 13,
			"transformation" : 
			[
				0.69727594369166745,
				0.34024251991739057,
				-0.63090513232114287,
				0.0,
				-0.21431998323439563,
				0.93886155725726672,
				0.26945485909678557,
				0.0,
				0.6840125752757058,
				-0.05266881377745504,
				0.72756634949671284,
				0.0,
				-0.50236108961274695,
				-1.0713769626281768,
				0.78227547987674695,
				1.0
			],
			"uncertain" : true,
			"version_major" : 1,
			"version_minor" : 0
		},
		{
			"class_name" : "PoseGraphEdge",
			"confidence" : 1.0,
			"information" : 
			[
				132816.04678967659,
				356.33870372645691,
				4382.6964715128715,
				0.0,
				-65651.943771204824,
				-7001.1664910605041,
				356.33870372645691,
				140612.85449245991,
				16816.383677039059,
				65651.943771204824,
				0.0,
				1868.5909259699665,
				4382.6964715128715,
				16816.383677039059,
				20081.503103978172,
				7001.1664910605041,
				-1868.5909259699665,
				0.0,
				0.0,
				65651.943771204824,
				7001.1664910605041,
				35481.0,
				0.0,
				0.0,
				-65651.943771204824,
				0.0,
				-1868.5909259699665,
				0.0,
				35481.0,
				0.0,
				-7001.1664910605041,
				1868.5909259699665,
				0.0,
				0.0,
				0.0,
				35481.0
			],
			"source_node_id" : 5,
			"target_node_id" : 6,
			"transformation" : 
			[
				0.99964602861547025,
				-0.026178437090074811,
				-0.004744144268412482,
				0.0,
				0.026452628574374817,
				0.99704423921395868,
				0.072132125240882167,
				0.0,
				0.0028418154100281015,
				-0.072232087618877533,
				0.99738380255716574,
				0.0,
				0.98523610237925729,
				0.38254867625437611,
				-0.097217462317613038,
				1.0
			],
			"uncertain" : false,
			"version_major" : 1,
			"version_minor" : 0
		},
		{
			"class_name" : "PoseGraphEdge",
			"confidence" : 0.9872452330672955,
			"information" : 
			[
				57803.170542800188,
				1643.5544184102425,
				-6896.360419298393,
				0.0,
				-27764.523834992677,
				-7172.5867320310826,
				1643.5544184102425,
				55847.281308957688,
				14395.438064004111,
				27764.523834992677,
				0.0,
				-4108.7320146835709,
				-6896.360419298393,
				14395.438064004111,
				8206.8901437543973,
				7172.5867320310826,
				4108.7320146835709,
				0.0,
				0.0,
				27764.523834992677,
				7172.5867320310826,
				15095.0,
				0.0,
				0.0,
				-27764.523834992677,
				0.0,
				4108.7320146835709,
				0.0,
				15095.0,
				0.0,
				-7172.5867320310826,
				-4108.7320146835709,
				0.0,
				0.0,
				0.0,
				15095.0
			],
			"source_node_id" : 5,
			"target_node_id" : 7,
			"transformation" : 
			[
				0.99832186323223582,
				-0.049500321409252805,
				-0.030052879610722397,
				0.0,
				0.054349732216538979,
				0.98004656539972856,
				0.19119319092526715,
				0.0,
				0.019989097040798161,
				-0.1925057085610079,
				0.98109224243743576,
				0.0,
				1.767172266704695,
				0.22344299530474285,
				-0.078447957136068933,
				1.0
			],
			"uncertain" : true,
			"version_major" : 1,
			"version_minor" : 0
		},
		{
			"class_name" : "PoseGraphEdge",
			"confidence" : 0.99510195283071712,
			"information" : 
			[
				280795.07060567767,
				-6384.6083125553987,
				6571.4787899127978,
				0.0,
				-101144.91702798662,
				-50500.609546055464,
				-6384.6083125553987,
				245674.62636871089,
				112345.45099931053,
				101144.91702798662,
				0.0,
				574.39283474378976,
				6571.4787899127978,
				112345.45099931053,
				92403.943197645582,
				50500.609546055464,
				-574.39283474378976,
				0.0,
				0.0,
				101144.91702798662,
				50500.609546055464,
				49168.0,
				0.0,
				0.0,
				-101144.91702798662,
				0.0,
				-574.39283474378976,
				0.0,
				49168.0,
				0.0,
				-50500.609546055464,
				574.39283474378976,
				0.0,
				0.0,
				0.0,
				49168.0
			],
			"source_node_id" : 5,
			"target_node_id" : 13,
			"transformation" : 
			[
				0.907677342038129,
				0.20825147633713581,
				-0.36435307787090121,
				0.0,
				-0.13783190772644471,
				0.96796190445568731,
				0.20988596126231854,
				0.0,
				0.39638896044552591,
				-0.14028925164075134,
				0.90730078690089977,
				0.0,
				-0.76794881442897045,
				-0.46086199968066799,
				0.44151556655963642,
				1.0
			],
			"uncertain" : true,
			"version_major" : 1,
			"version_minor" : 0
		},
		{
			"class_name" : "PoseGraphEdge",
			"confidence" : 1.0,
			"information" : 
			[
				127193.69413793001,
				-4741.810715918984,
				8992.6132748672844,
				0.0,
				-66536.045852961921,
				-13831.590132816995,
				-4741.810715918984,
				126792.17420200333,
				27302.323410137615,
				66536.045852961921,
				0.0,
				5719.4271196226491,
				8992.6132748672844,
				27302.323410137615,
				23464.922540349544,
				13831.590132816995,
				-5719.4271196226491,
				0.0,
				0.0,
				66536.045852961921,
				13831.590132816995,
				40763.0,
				0.0,
				0.0,
				-66536.045852961921,
				0.0,
				-5719.4271196226491,
				0.0,
				40763.0,
				0.0,
				-13831.590132816995,
				5719.4271196226491,
				0.0,
				0.0,
				0.0,
				40763.0
			],
			"source_node_id" : 6,
			"target_node_id" : 7,
			"transformation" : 
			[
				0.9991549556827094,
				-0.022428563969030122,
				-0.034443200388101156,
				0.0,
				0.026919436579776579,
				0.99034111290845839,
				0.13601405816112291,
				0.0,
				0.031059917400326931,
				-0.1368263118026537,
				0.99010799508415526,
				0.0,
				0.75322179001465439,
				-0.11355785774209917,
				-0.0063897716424467302,
				1.0
			],
			"uncertain" : false,
			"version_major" : 1,
			"version_minor" : 0
		},
		{
			"class_name" : "PoseGraphEdge",
			"confidence" : 0.98994426521018652,
			"information" : 
			[
				86930.384644354897,
				968.10913591634767,
				-12876.820439394021,
				0.0,
				-45033.789347395294,
				-1642.8859376855253,
				968.10913591634767,
				88192.266059306188,
				6512.2482449537101,
				45033.789347395294,
				0.0,
				-6583.6433616839486,
				-12876.820439394021,
				6512.2482449537101,
				10459.753253320774,
				1642.8859376855253,
				6583.6433616839486,
				0.0,
				0.0,
				45033.789347395294,
				1642.8859376855253,
				26065.0,
				0.0,
				0.0,
				-45033.789347395294,
				0.0,
				6583.6433616839486,
				0.0,
				26065.0,
				0.0,
				-1642.8859376855253,
				-6583.6433616839486,
				0.0,
				0.0,
				0.0,
				26065.0
			],
			"source_node_id" : 6,
			"target_node_id" : 8,
			"transformation" : 
			[
				0.78540311157057285,
				0.17460699143671179,
				-0.5938470770128309,
				0.0,
				-0.18424916289023086,
				0.98184853392629057,
				0.045007803779385944,
				0.0,
				0.59092655915055314,
				0.074066557691136972,
				0.80331808564370855,
				0.0,
				0.23413791236908163,
				0.17032266463072177,
				-0.31593145281578461,
				1.0
			],
			"uncertain" : true,
			"version_major" : 1,
			"version_minor" : 0
		},
		{
			"class_name" : "PoseGraphEdge",
			"confidence" : 0.95146686673335812,
			"information" : 
			[
				65830.098702063988,
				6839.1417676990295,
				-23746.857339873415,
				0.0,
				-28368.820079598598,
				-8427.333035127218,
				6839.1417676990295,
				72296.099554921908,
				19050.32445096628,
				28368.820079598598,
				0.0,
				-12623.45981261035,
				-23746.857339873415,
				19050.32445096628,
				19696.117235914207,
				8427.333035127218,
				12623.45981261035,
				0.0,
				0.0,
				28368.820079598598,
				8427.333035127218,
				14855.0,
				0.0,
				0.0,
				-28368.820079598598,
				0.0,
				12623.45981261035,
				0.0,
				14855.0,
				0.0,
				-8427.333035127218,
				-12623.45981261035,
				0.0,
				0.0,
				0.0,
				14855.0
			],
			"source_node_id" : 6,
			"target_node_id" : 11,
			"transformation" : 
			[
				0.41522041795798681,
				0.40161377044253777,
				-0.81627102355879511,
				0.0,
				-0.37896771198530166,
				0.89207611629924932,
				0.24613751441231557,
				0.0,
				0.82702809975442726,
				0.20713904054855523,
				0.52260686954651125,
				0.0,
				-0.17693741924180331,
				-0.73603896953464398,
				0.75148225251819445,
				1.0
			],
			"uncertain" : true,
			"version_major" : 1,
			"version_minor" : 0
		},
		{
			"class_name" : "PoseGraphEdge",
			"confidence" : 1.0,
			"information" : 
			[
				110590.85074434675,
				913.68025907160359,
				-6896.3119462190143,
				0.0,
				-59616.507385795521,
				-3149.7552443118698,
				913.68025907160359,
				114397.08442119129,
				9419.7754300181259,
				59616.507385795521,
				0.0,
				-1988.4075600605549,
				-6896.3119462190143,
				9419.7754300181259,
				16849.38274924269,
				3149.7552443118698,
				1988.4075600605549,
				0.0,
				0.0,
				59616.507385795521,
				3149.7552443118698,
				36079.0,
				0.0,
				0.0,
				-59616.507385795521,
				0.0,
				1988.4075600605549,
				0.0,
				36079.0,
				0.0,
				-3149.7552443118698,
				-1988.4075600605549,
				0.0,
				0.0,
				0.0,
				36079.0
			],
			"source_node_id" : 7,
			"target_node_id" : 8,
			"transformation" : 
			[
				0.80135089060871689,
				0.20500422119502434,
				-0.56196976734771575,
				0.0,
				-0.2694949907466182,
				0.96242929120610521,
				-0.033201045028559334,
				0.0,
				0.5340498104887812,
				0.17805372425402644,
				0.82649118034990199,
				0.0,
				-0.3910477672945053,
				0.15968451528327934,
				0.11511359281291583,
				1.0
			],
			"uncertain" : false,
			"version_major" : 1,
			"version_minor" : 0
		},
		{
			"class_name" : "PoseGraphEdge",
			"confidence" : 0.99860901983365058,
			"information" : 
			[
				68791.095027109346,
				6010.6473200548098,
				-20254.899958385453,
				0.0,
				-35602.087173311418,
				-9931.3354014751239,
				6010.6473200548098,
				70330.783057412133,
				18390.390037286779,
				35602.087173311418,
				0.0,
				-11773.277337353056,
				-20254.899958385453,
				18390.390037286779,
				17124.87894707526,
				9931.3354014751239,
				11773.277337353056,
				0.0,
				0.0,
				35602.087173311418,
				9931.3354014751239,
				21426.0,
				0.0,
				0.0,
				-35602.087173311418,
				0.0,
				11773.277337353056,
				0.0,
				21426.0,
				0.0,
				-9931.3354014751239,
				-11773.277337353056,
				0.0,
				0.0,
				0.0,
				21426.0
			],
			"source_node_id" : 7,
			"target_node_id" : 9,
			"transformation" : 
			[
				0.40398217227057259,
				0.39121447390685016,
				-0.8268915526798758,
				0.0,
				-0.4599546666901646,
				0.86823020985982602,
				0.18605914994082448,
				0.0,
				0.79072125877422139,
				0.30516804893787464,
				0.53069044916030073,
				0.0,
				-0.16398816529249069,
				-0.41961653084335615,
				0.53762583434868094,
				1.0
			],
			"uncertain" : true,
			"version_major" : 1,
			"version_minor" : 0
		},
		{
			"class_name" : "PoseGraphEdge",
			"confidence" : 0.99225296828287068,
			"information" : 
			[
				65653.965306600658,
				3751.0269213727724,
				-20666.328866336407,
				0.0,
				-32647.105971553385,
				-5806.4891777602843,
				3751.0269213727724,
				73581.649873168688,
				12562.746465115672,
				32647.105971553385,
				0.0,
				-11402.999556833553,
				-20666.328866336407,
				12562.746465115672,
				15385.103967743271,
				5806.4891777602843,
				11402.999556833553,
				0.0,
				0.0,
				32647.105971553385,
				5806.4891777602843,
				18092.0,
				0.0,
				0.0,
				-32647.105971553385,
				0.0,
				11402.999556833553,
				0.0,
				18092.0,
				0.0,
				-5806.4891777602843,
				-11402.999556833553,
				0.0,
				0.0,
				0.0,
				18092.0
			],
			"source_node_id" : 7,
			"target_node_id" : 10,
			"transformation" : 
			[
				0.38499998876705072,
				0.39399884759188625,
				-0.83458966968543069,
				0.0,
				-0.463830935621452,
				0.8643983814164593,
				0.19410384170626799,
				0.0,
				0.7978946495684115,
				0.31237853047363739,
				0.51554222124791238,
				0.0,
				-0.24238468412110814,
				-0.40696200841979197,
				0.8343382053781494,
				1.0
			],
			"uncertain" : true,
			"version_major" : 1,
			"version_minor" : 0
		},
		{
			"class_name" : "PoseGraphEdge",
			"confidence" : 1.0,
			"information" : 
			[
				105603.71238477489,
				5635.9902754692612,
				-12267.169962928763,
				0.0,
				-57732.586909531354,
				-11229.664078804348,
				5635.9902754692612,
				108685.31249433756,
				21131.943078397984,
				57732.586909531354,
				0.0,
				-6278.8345973391097,
				-12267.169962928763,
				21131.943078397984,
				22649.337554670081,
				11229.664078804348,
				6278.8345973391097,
				0.0,
				0.0,
				57732.586909531354,
				11229.664078804348,
				35897.0,
				0.0,
				0.0,
				-57732.586909531354,
				0.0,
				6278.8345973391097,
				0.0,
				35897.0,
				0.0,
				-11229.664078804348,
				-6278.8345973391097,
				0.0,
				0.0,
				0.0,
				35897.0
			],
			"source_node_id" : 8,
			"target_node_id" : 9,
			"transformation" : 
			[
				0.87489935890444981,
				0.24832795833429161,
				-0.41579362296470235,
				0.0,
				-0.21202600288060472,
				0.9682865092448768,
				0.13215979009079429,
				0.0,
				0.43542632659390917,
				-0.027467455722931279,
				0.89980523058328477,
				0.0,
				0.17539133094366752,
				-0.42918363858828862,
				0.25095702936351272,
				1.0
			],
			"uncertain" : false,
			"version_major" : 1,
			"version_minor" : 0
		},
		{
			"class_name" : "PoseGraphEdge",
			"confidence" : 0.97732630761060035,
			"information" : 
			[
				112491.79484616109,
				3841.8743433062236,
				-9643.1252134008118,
				0.0,
				-56354.876366193181,
				-6998.9336142674983,
				3841.8743433062236,
				122348.78227784076,
				15130.652094096742,
				56354.876366193181,
				0.0,
				-4553.6821325170076,
				-9643.1252134008118,
				15130.652094096742,
				20699.184940923467,
				6998.9336142674983,
				4553.6821325170076,
				0.0,
				0.0,
				56354.876366193181,
				6998.9336142674983,
				30406.0,
				0.0,
				0.0,
				-56354.876366193181,
				0.0,
				4553.6821325170076,
				0.0,
				30406.0,
				0.0,
				-6998.9336142674983,
				-4553.6821325170076,
				0.0,
				0.0,
				0.0,
				30406.0
			],
			"source_node_id" : 8,
			"target_node_id" : 10,
			"transformation" : 
			[
				0.8655829964638585,
				0.26804056784818936,
				-0.42298975190927429,
				0.0,
				-0.22812410827511406,
				0.96301080359012514,
				0.14342100052776582,
				0.0,
				0.4457863473193554,
				-0.027648619428853039,
				0.89471229252053297,
				0.0,
				0.097799618429907448,
				-0.39902988929226219,
				0.53581254971496539,
				1.0
			],
			"uncertain" : true,
			"version_major" : 1,
			"version_minor" : 0
		},
		{
			"class_name" : "PoseGraphEdge",
			"confidence" : 0.97671679700436365,
			"information" : 
			[
				107116.64067006754,
				-1996.4325481115422,
				13186.490699922415,
				0.0,
				-41076.733642068044,
				-11500.23109105338,
				-1996.4325481115422,
				109892.62205414912,
				27802.806237355293,
				41076.733642068044,
				0.0,
				5651.6703274357815,
				13186.490699922415,
				27802.806237355293,
				20713.044874614658,
				11500.23109105338,
				-5651.6703274357815,
				0.0,
				0.0,
				41076.733642068044,
				11500.23109105338,
				17374.0,
				0.0,
				0.0,
				-41076.733642068044,
				0.0,
				-5651.6703274357815,
				0.0,
				17374.0,
				0.0,
				-11500.23109105338,
				5651.6703274357815,
				0.0,
				0.0,
				0.0,
				17374.0
			],
			"source_node_id" : 8,
			"target_node_id" : 11,
			"transformation" : 
			[
				0.89881448044921197,
				0.26694575872043647,
